33.9695620,-86.5882510
34.0331590,-86.5749500
34.0387240,-86.5757580
34.1753800,-86.4619740
34.1437000,-86.4912270
33.8265590,-86.6685880
34.1469250,-86.4893360
34.0854250,-86.5397160
34.1547790,-86.4833050
34.1538080,-86.4840950
33.8867050,-86.6420700
33.8106020,-86.6749600
34.1328980,-86.4979070
34.1444520,-86.4907970
34.1465860,-86.4895420
34.1638400,-86.4741490
34.1568250,-86.4815890
34.1481270,-86.4885550
34.1471270,-86.4892130
34.1460040,-86.4898850
33.9626600,-86.5882550
33.9836590,-86.5873510
34.1684350,-86.4713330
33.9429900,-86.5890020
33.9461330,-86.5856800
34.1419980,-86.4922230
33.8731640,-86.6555670
33.9507390,-86.5853960
34.0325930,-86.5748680
33.8481340,-86.6613590
33.8908300,-86.6394170
34.0644680,-86.5633960
33.9484160,-86.5852590
33.9765310,-86.5887980
34.1338460,-86.4972310
34.0881070,-86.5365540
34.0883520,-86.5362720
34.2030320,-86.4373460
34.2053840,-86.4340180
34.1309780,-86.4993070
34.0307650,-86.5745730
33.9406590,-86.5921160
34.1034060,-86.5199360
33.8395300,-86.6649140
33.8387600,-86.6648130
33.9624710,-86.5882290
33.8803100,-86.6483300
33.8906900,-86.6394780
33.8912060,-86.6392540
34.0333670,-86.5749760
34.0322720,-86.5748160
34.0470030,-86.5769690
34.1403260,-86.4932020
34.1393970,-86.4937410
33.8309560,-86.6683350
34.1036210,-86.5197240
34.2012920,-86.4393790
33.8763230,-86.6539790
34.1499060,-86.4872390
34.1510500,-86.4863160
34.1609170,-86.4757270
34.1556360,-86.4826200
34.1909350,-86.4480630
33.9774240,-86.5886210
33.9022170,-86.6264500
34.2021000,-86.4384830
34.0821770,-86.5442130
33.7989620,-86.6853480
33.8003680,-86.6839380
33.7998650,-86.6844690
33.9775540,-86.5885910
33.8463400,-86.6623090
34.1557790,-86.4824990
33.8922710,-86.6387950
34.0707080,-86.5574760
34.1770030,-86.4597180
34.1475820,-86.4889210
34.0795730,-86.5476480
34.1014290,-86.5219200
33.8674840,-86.6562030
33.8310460,-86.6683000
33.8245730,-86.6683120
34.0292010,-86.5742470
34.0059160,-86.5807960
33.9223230,-86.6067780
33.9355060,-86.5981820
33.8062750,-86.6783720
33.8500270,-86.6604910
33.8403010,-86.6650080
33.8757180,-86.6543700
33.9453470,-86.5862540
33.9537720,-86.5865790
33.8024630,-86.6817450
33.9063580,-86.6175100
33.8982470,-86.6339400
33.8643990,-86.6555390
34.0294070,-86.5742820
34.0296200,-86.5743400
34.0298750,-86.5744000
34.0303320,-86.5744950
34.0312600,-86.5746600
34.0320500,-86.5747800
34.0325500,-86.5748620
34.0332630,-86.5749650
34.0334820,-86.5749990
34.0345560,-86.5751550
34.0350110,-86.5752270
34.0352240,-86.5752560
34.0355730,-86.5752950
34.0363530,-86.5754130
34.0367020,-86.5754590
34.0369250,-86.5754880
34.0377150,-86.5756090
34.0391550,-86.5758210
34.0398800,-86.5759220
34.0409820,-86.5760930
34.0410250,-86.5760990
34.0423470,-86.5762890
34.0437890,-86.5765040
34.0452520,-86.5767100
34.0461300,-86.5768430
34.0466660,-86.5769240
34.0475290,-86.5770380
34.0478690,-86.5770700
34.0478890,-86.5770720
34.0481060,-86.5770810
34.0482510,-86.5770810
34.0484680,-86.5770740
34.0486120,-86.5770630
34.0488990,-86.5770250
34.0491120,-86.5769820
34.0492530,-86.5769480
34.0496040,-86.5768440
34.0498800,-86.5767430
34.0500160,-86.5766870
34.0503520,-86.5765320
34.0505500,-86.5764260
34.0508050,-86.5762610
34.0509890,-86.5761230
34.0511690,-86.5759760
34.0515170,-86.5756610
34.0518030,-86.5753930
34.0518540,-86.5753400
34.0520310,-86.5751790
34.0532230,-86.5740440
34.0535970,-86.5736910
34.0583300,-86.5692180
34.0594680,-86.5681300
34.0628590,-86.5649160
34.0641210,-86.5637240
34.0651280,-86.5627730
34.0673870,-86.5606180
34.0684760,-86.5595920
34.0696600,-86.5584670
34.0714040,-86.5568180
34.0720330,-86.5562230
34.0727200,-86.5555690
34.0737050,-86.5546310
34.0740600,-86.5542760
34.0744970,-86.5538200
34.0751390,-86.5531270
34.0755410,-86.5526770
34.0759750,-86.5521620
34.0766300,-86.5513450
34.0773980,-86.5503800
34.0797660,-86.5474050
34.0802280,-86.5468210
34.0807130,-86.5461850
34.0817700,-86.5447530
34.0821590,-86.5442380
34.0824460,-86.5438450
34.0839190,-86.5418050
34.0840100,-86.5416740
34.0841980,-86.5413780
34.0844300,-86.5410510
34.0845250,-86.5409310
34.0849400,-86.5403470
34.0852320,-86.5399620
34.0858300,-86.5392010
34.0860750,-86.5388970
34.0863480,-86.5385650
34.0867620,-86.5380980
34.0869170,-86.5379080
34.0885090,-86.5361030
34.0886660,-86.5359140
34.0887210,-86.5358610
34.0888220,-86.5357480
34.0889210,-86.5356290
34.0890300,-86.5355060
34.0904910,-86.5338440
34.0910190,-86.5332490
34.0931260,-86.5308500
34.0941830,-86.5296510
34.0944420,-86.5293500
34.0952310,-86.5284570
34.0960590,-86.5275120
34.0964990,-86.5270100
34.0972520,-86.5261880
34.0976860,-86.5257220
34.0984520,-86.5249360
34.0984970,-86.5248910
34.0991180,-86.5242640
34.0993910,-86.5239770
34.1002260,-86.5231360
34.1002440,-86.5231170
34.1005040,-86.5228510
34.1030540,-86.5202840
34.1037290,-86.5196040
34.1039500,-86.5193820
34.1040350,-86.5193060
34.1040630,-86.5192810
34.1044630,-86.5188890
34.1046590,-86.5186950
34.1050680,-86.5183200
34.1051870,-86.5182240
34.1054210,-86.5180130
34.1059010,-86.5176010
34.1060170,-86.5174900
34.1066310,-86.5169980
34.1072520,-86.5165230
34.1078390,-86.5160940
34.1080510,-86.5159400
34.1090490,-86.5152180
34.1092530,-86.5150660
34.1101940,-86.5143890
34.1103950,-86.5142380
34.1106260,-86.5140750
34.1108810,-86.5138930
34.1111930,-86.5136560
34.1114320,-86.5134820
34.1149910,-86.5108930
34.1156420,-86.5104180
34.1158330,-86.5102910
34.1172350,-86.5092740
34.1179480,-86.5087560
34.1182460,-86.5085330
34.1184130,-86.5084140
34.1187080,-86.5082180
34.1191750,-86.5078790
34.1199690,-86.5073020
34.1202810,-86.5070620
34.1214200,-86.5062420
34.1215380,-86.5061570
34.1218490,-86.5059400
34.1224730,-86.5054770
34.1249970,-86.5036510
34.1252870,-86.5034350
34.1260980,-86.5028450
34.1261210,-86.5028290
34.1270420,-86.5021660
34.1288410,-86.5008540
34.1292780,-86.5005440
34.1296040,-86.5003010
34.1299530,-86.5000420
34.1300750,-86.4999600
34.1301640,-86.4998930
34.1303160,-86.4997780
34.1307340,-86.4994870
34.1314120,-86.4989880
34.1314780,-86.4989390
34.1333340,-86.4975910
34.1340820,-86.4970650
34.1348370,-86.4965460
34.1354060,-86.4961670
34.1365580,-86.4954300
34.1375290,-86.4948350
34.1449100,-86.4905310
34.1466650,-86.4894950
34.1476920,-86.4888510
34.1478810,-86.4887290
34.1483300,-86.4884250
34.1487680,-86.4881200
34.1491360,-86.4878440
34.1496200,-86.4874680
34.1529770,-86.4847550
34.1532650,-86.4845260
34.1536230,-86.4842420
34.1545520,-86.4834930
34.1557550,-86.4825160
34.1558180,-86.4824720
34.1563010,-86.4820740
34.1565970,-86.4818120
34.1571590,-86.4812510
34.1575780,-86.4807770
34.1578300,-86.4804650
34.1582160,-86.4799460
34.1584450,-86.4796090
34.1586210,-86.4793330
34.1589140,-86.4788350
34.1594380,-86.4779160
34.1598640,-86.4771690
34.1601600,-86.4766670
34.1603400,-86.4763920
34.1604380,-86.4762620
34.1605920,-86.4760760
34.1608060,-86.4758420
34.1610400,-86.4756250
34.1611540,-86.4755370
34.1615020,-86.4752511
34.1617498,-86.4750796
34.1618960,-86.4749960
34.1621540,-86.4748530
34.1624190,-86.4747290
34.1629110,-86.4745180
34.1630930,-86.4744400
34.1636460,-86.4742200
34.1643410,-86.4739610
34.1650800,-86.4736370
34.1652830,-86.4735530
34.1656820,-86.4733500
34.1658120,-86.4732680
34.1660760,-86.4731220
34.1664640,-86.4728850
34.1668480,-86.4726310
34.1672200,-86.4723590
34.1674230,-86.4722030
34.1677100,-86.4719830
34.1680640,-86.4716790
34.1684070,-86.4713610
34.1686290,-86.4711370
34.1688480,-86.4709050
34.1689600,-86.4707990
34.1692750,-86.4704450
34.1694180,-86.4702740
34.1695860,-86.4700740
34.1698840,-86.4696920
34.1708400,-86.4683790
34.1709290,-86.4682380
34.1717100,-86.4671480
34.1723070,-86.4663130
34.1730020,-86.4653190
34.1739440,-86.4639980
34.1751160,-86.4623390
34.1754450,-86.4618850
34.1763370,-86.4606370
34.1764910,-86.4604220
34.1765790,-86.4602840
34.1769590,-86.4597730
34.1772570,-86.4594010
34.1775660,-86.4590310
34.1776730,-86.4589220
34.1779950,-86.4585720
34.1781030,-86.4584460
34.1786580,-86.4578840
34.1787740,-86.4577840
34.1789960,-86.4575670
34.1794780,-86.4571630
34.1800820,-86.4566760
34.1802010,-86.4565700
34.1805630,-86.4562810
34.1808650,-86.4560500
34.1817560,-86.4553330
34.1838630,-86.4536720
34.1841660,-86.4534410
34.1844710,-86.4531910
34.1847190,-86.4529940
34.1853860,-86.4524630
34.1855700,-86.4523050
34.1857210,-86.4521820
34.1875010,-86.4507790
34.1875910,-86.4507040
34.1883320,-86.4501170
34.1890670,-86.4495340
34.1901520,-86.4486750
34.1903710,-86.4485010
34.1936920,-86.4458840
34.1951990,-86.4447010
34.1970050,-86.4432680
34.1974320,-86.4429390
34.1979090,-86.4425580
34.1981540,-86.4423630
34.1986270,-86.4419660
34.1990920,-86.4415550
34.1996080,-86.4410820
34.1999460,-86.4407570
34.2004340,-86.4402600
34.2007200,-86.4399690
34.2015440,-86.4391090
34.2024870,-86.4380320
34.2028900,-86.4375300
34.2034830,-86.4367610
34.2040700,-86.4359760
34.2044510,-86.4354420
34.2045380,-86.4352980
34.2048110,-86.4348920
34.2049080,-86.4347640
34.2053510,-86.4340710
34.2057860,-86.4333660
34.2062100,-86.4326530
34.2066180,-86.4319350
34.2074140,-86.4304860
34.2077230,-86.4299050
34.2081330,-86.4291510
34.2083540,-86.4287500
34.2093530,-86.4269390
34.2095520,-86.4265950
34.2098010,-86.4261870
34.2110790,-86.4238750
34.2117360,-86.4226780
34.2118390,-86.4224900
34.2123540,-86.4215380
34.2139620,-86.4186350
34.2145200,-86.4176110
34.2147560,-86.4171770
34.2148020,-86.4170920
33.9984970,-86.5840350
33.8123370,-86.6738410
33.9398540,-86.5936840
33.8091290,-86.6759680
33.9559540,-86.5872440
33.8157020,-86.6714390
33.9609110,-86.5878720
33.8016880,-86.6825430
33.9090980,-86.6155500
33.8063340,-86.6783150
33.9149150,-86.6109470
33.8750330,-86.6547140
33.9078480,-86.6164040
33.9035090,-86.6232030
33.8172560,-86.6701850
33.9041910,-86.6214570
33.9866160,-86.5872580
33.8875590,-86.6413080
33.8839580,-86.6445770
33.8191510,-86.6692890
33.8194400,-86.6691770
33.8793960,-86.6495180
33.9947990,-86.5856520
33.9927520,-86.5865600
33.9937930,-86.5861010
33.8041790,-86.6801820
33.9469460,-86.5853490
33.9871520,-86.5872450
34.0043980,-86.5814550
33.8317590,-86.6678900
33.8939150,-86.6380840
33.9589030,-86.5874280
33.8121910,-86.6739360
33.9385490,-86.5958310
33.9012450,-86.6289910
33.9474300,-86.5852660
33.9495040,-86.5853230
33.8371040,-86.6649140
33.9065530,-86.6173290
33.9841010,-86.5873320
33.7973830,-86.6863010
33.7977880,-86.6861160
33.7980490,-86.6859780
33.7983680,-86.6857850
33.7985560,-86.6856600
33.7987410,-86.6855270
33.7992620,-86.6850810
33.7994290,-86.6849180
33.7999760,-86.6843560
33.8005630,-86.6837280
33.8006160,-86.6836800
33.8007730,-86.6835090
33.8018580,-86.6823730
33.8023960,-86.6818110
33.8028390,-86.6813740
33.8030690,-86.6811630
33.8031790,-86.6810500
33.8032950,-86.6809460
33.8035320,-86.6807510
33.8040560,-86.6802970
33.8044600,-86.6799370
33.8045240,-86.6798960
33.8045820,-86.6798460
33.8046380,-86.6797860
33.8050450,-86.6794380
33.8052850,-86.6792330
33.8061210,-86.6785060
33.8065080,-86.6781520
33.8078810,-86.6769630
33.8080640,-86.6768140
33.8081810,-86.6767070
33.8087230,-86.6762610
33.8087880,-86.6762120
33.8088510,-86.6761550
33.8095730,-86.6756330
33.8114610,-86.6744030
33.8119120,-86.6741170
33.8120280,-86.6740430
33.8135360,-86.6730590
33.8141480,-86.6726450
33.8142850,-86.6725520
33.8146530,-86.6722840
33.8150130,-86.6720030
33.8158330,-86.6713270
33.8161070,-86.6710930
33.8166950,-86.6706020
33.8170540,-86.6703190
33.8174300,-86.6700640
33.8176210,-86.6699460
33.8180150,-86.6697300
33.8184180,-86.6695500
33.8187550,-86.6694170
33.8188900,-86.6693680
33.8195520,-86.6691280
33.8201040,-86.6689510
33.8213480,-86.6685360
33.8217660,-86.6684090
33.8221860,-86.6683060
33.8226120,-86.6682340
33.8230410,-86.6681960
33.8234710,-86.6682000
33.8239010,-86.6682330
33.8240970,-86.6682560
33.8253010,-86.6684130
33.8269700,-86.6686470
33.8281770,-86.6688040
33.8286040,-86.6688460
33.8288180,-86.6688570
33.8292450,-86.6688540
33.8296730,-86.6688040
33.8298830,-86.6687620
33.8300910,-86.6687030
33.8302900,-86.6686270
33.8304940,-86.6685490
33.8308880,-86.6683610
33.8312720,-86.6681380
33.8322020,-86.6676340
33.8332880,-86.6669890
33.8342400,-86.6664340
33.8348911,-86.6660558
33.8354210,-86.6657380
33.8358100,-86.6655150
33.8362030,-86.6653000
33.8366030,-86.6651010
33.8370150,-86.6649400
33.8372260,-86.6648760
33.8374410,-86.6648290
33.8378720,-86.6647790
33.8383050,-86.6647780
33.8399510,-86.6649700
33.8405240,-86.6650350
33.8408780,-86.6650640
33.8410920,-86.6650720
33.8415210,-86.6650560
33.8417340,-86.6650250
33.8421550,-86.6649310
33.8425650,-86.6647760
33.8427320,-86.6646890
33.8429580,-86.6645720
33.8431500,-86.6644560
33.8435270,-86.6642080
33.8453840,-86.6629170
33.8460670,-86.6624600
33.8462020,-86.6623930
33.8464700,-86.6622130
33.8465970,-86.6621350
33.8469320,-86.6619570
33.8478560,-86.6614910
33.8487230,-86.6610810
33.8489910,-86.6609640
33.8491900,-86.6608700
33.8494560,-86.6607350
33.8497240,-86.6606140
33.8503670,-86.6603670
33.8505680,-86.6602700
33.8507670,-86.6601640
33.8517730,-86.6597040
33.8519050,-86.6596530
33.8525130,-86.6594020
33.8528030,-86.6592970
33.8532040,-86.6591580
33.8535500,-86.6590520
33.8538970,-86.6589600
33.8540050,-86.6589240
33.8542440,-86.6588570
33.8578670,-86.6577960
33.8584190,-86.6576240
33.8586570,-86.6575380
33.8591050,-86.6573760
33.8593760,-86.6572670
33.8600450,-86.6569710
33.8603800,-86.6568120
33.8607590,-86.6566190
33.8609720,-86.6565110
33.8614400,-86.6562820
33.8615710,-86.6562060
33.8618360,-86.6560750
33.8623670,-86.6558230
33.8626350,-86.6557180
33.8627730,-86.6556700
33.8630580,-86.6555810
33.8633430,-86.6555270
33.8636250,-86.6554940
33.8637660,-86.6554990
33.8639110,-86.6554900
33.8640530,-86.6554920
33.8642290,-86.6555160
33.8646330,-86.6555600
33.8647030,-86.6555730
33.8658960,-86.6558480
33.8660390,-86.6558740
33.8682850,-86.6563860
33.8691320,-86.6565620
33.8692740,-86.6565790
33.8695600,-86.6566040
33.8698390,-86.6566120
33.8701260,-86.6566040
33.8704110,-86.6565820
33.8706230,-86.6565490
33.8707610,-86.6565210
33.8710410,-86.6564500
33.8713180,-86.6563650
33.8715920,-86.6562650
33.8720030,-86.6560940
33.8725330,-86.6558500
33.8730110,-86.6556440
33.8732110,-86.6555430
33.8734140,-86.6554510
33.8736190,-86.6553710
33.8738220,-86.6552710
33.8745010,-86.6549660
33.8747590,-86.6548500
33.8756310,-86.6544240
33.8759450,-86.6542240
33.8761370,-86.6541100
33.8765600,-86.6537820
33.8765930,-86.6537510
33.8766730,-86.6536760
33.8768920,-86.6534550
33.8771020,-86.6532170
33.8772920,-86.6529580
33.8774240,-86.6527540
33.8775090,-86.6526150
33.8776340,-86.6523990
33.8778250,-86.6520820
33.8779130,-86.6519500
33.8780350,-86.6517160
33.8781100,-86.6515880
33.8781480,-86.6515220
33.8785350,-86.6508600
33.8787070,-86.6505860
33.8790970,-86.6499820
33.8792290,-86.6497860
33.8793180,-86.6496420
33.8794880,-86.6494180
33.8795320,-86.6493480
33.8797770,-86.6490050
33.8800220,-86.6486870
33.8801810,-86.6484900
33.8804980,-86.6480970
33.8805450,-86.6480390
33.8809790,-86.6475200
33.8811650,-86.6473050
33.8812890,-86.6471610
33.8815010,-86.6469270
33.8816610,-86.6467590
33.8822100,-86.6462010
33.8826570,-86.6457700
33.8832850,-86.6451880
33.8837140,-86.6447990
33.8841400,-86.6444030
33.8860400,-86.6426780
33.8861430,-86.6425850
33.8868250,-86.6419600
33.8874430,-86.6414050
33.8877270,-86.6411680
33.8881000,-86.6408850
33.8884100,-86.6406660
33.8891760,-86.6401960
33.8891920,-86.6401880
33.8894540,-86.6400450
33.8895130,-86.6400130
33.8895700,-86.6399820
33.8898360,-86.6398540
33.8903360,-86.6396340
33.8904310,-86.6395920
33.8909160,-86.6393790
33.8918330,-86.6389840
33.8931920,-86.6383880
33.8933260,-86.6383370
33.8941570,-86.6379520
33.8942010,-86.6379350
33.8944320,-86.6377890
33.8946330,-86.6376680
33.8948220,-86.6375370
33.8951260,-86.6373040
33.8953030,-86.6371550
33.8954740,-86.6369990
33.8956000,-86.6368770
33.8956420,-86.6368370
33.8957500,-86.6367240
33.8959850,-86.6364640
33.8963300,-86.6360820
33.8965960,-86.6357870
33.8974880,-86.6347860
33.8978050,-86.6344380
33.8985520,-86.6336050
33.8986340,-86.6335020
33.8991540,-86.6329120
33.8992410,-86.6328070
33.8993560,-86.6326680
33.8995520,-86.6324150
33.8997380,-86.6321550
33.8999180,-86.6318860
33.9000880,-86.6316080
33.9003270,-86.6311820
33.9003960,-86.6310300
33.9006130,-86.6305890
33.9007040,-86.6303650
33.9009270,-86.6298150
33.9010170,-86.6295720
33.9012960,-86.6288150
33.9013350,-86.6287400
33.9019420,-86.6271570
33.9020840,-86.6267860
33.9025820,-86.6255030
33.9026710,-86.6253120
33.9027360,-86.6251020
33.9027720,-86.6250260
33.9029280,-86.6246320
33.9031640,-86.6240080
33.9032530,-86.6237820
33.9033220,-86.6236340
33.9033680,-86.6235490
33.9040270,-86.6218870
33.9041030,-86.6216920
33.9047610,-86.6199840
33.9048860,-86.6196750
33.9050230,-86.6193720
33.9051700,-86.6190780
33.9053280,-86.6187950
33.9054950,-86.6185190
33.9057790,-86.6181370
33.9059250,-86.6179550
33.9060290,-86.6178390
33.9060820,-86.6177720
33.9061950,-86.6176610
33.9069530,-86.6170220
33.9070750,-86.6169420
33.9080580,-86.6162570
33.9081190,-86.6162250
33.9087380,-86.6157960
33.9089280,-86.6156700
33.9092640,-86.6154470
33.9099480,-86.6149850
33.9100700,-86.6148980
33.9101930,-86.6148010
33.9106900,-86.6144400
33.9108140,-86.6143370
33.9109970,-86.6141960
33.9114430,-86.6138290
33.9121810,-86.6132220
33.9130590,-86.6124770
33.9131150,-86.6124310
33.9131510,-86.6124010
33.9147230,-86.6111140
33.9151380,-86.6107630
33.9155450,-86.6104250
33.9160260,-86.6100470
33.9162390,-86.6098910
33.9162710,-86.6098670
33.9166470,-86.6096130
33.9170290,-86.6093760
33.9172850,-86.6092280
33.9175450,-86.6090870
33.9176790,-86.6090310
33.9180730,-86.6088350
33.9190920,-86.6083540
33.9191470,-86.6083280
33.9194770,-86.6081590
33.9200610,-86.6078840
33.9204800,-86.6076860
33.9215490,-86.6071710
33.9220780,-86.6069100
33.9224610,-86.6067110
33.9230550,-86.6063890
33.9232480,-86.6062690
33.9237660,-86.6059670
33.9244720,-86.6055340
33.9258550,-86.6046180
33.9268570,-86.6039490
33.9276150,-86.6034510
33.9294260,-86.6022390
33.9298000,-86.6019980
33.9301750,-86.6017380
33.9347000,-86.5987300
33.9352000,-86.5983870
33.9352650,-86.5983530
33.9356700,-86.5980720
33.9358100,-86.5979790
33.9360000,-86.5978650
33.9370030,-86.5971990
33.9371880,-86.5970720
33.9373710,-86.5969280
33.9375550,-86.5968000
33.9378480,-86.5965530
33.9379640,-86.5964490
33.9380730,-86.5963330
33.9381890,-86.5962240
33.9384050,-86.5959970
33.9387110,-86.5956350
33.9389090,-86.5953760
33.9390050,-86.5952440
33.9391400,-86.5950400
33.9392660,-86.5948330
33.9394620,-86.5944760
33.9396460,-86.5941110
33.9396900,-86.5940430
33.9403550,-86.5926940
33.9405880,-86.5922580
33.9409230,-86.5916850
33.9410230,-86.5915330
33.9412750,-86.5911510
33.9414600,-86.5908930
33.9419460,-86.5902690
33.9427040,-86.5893540
33.9429540,-86.5890450
33.9434660,-86.5884420
33.9437240,-86.5881220
33.9438280,-86.5879850
33.9440870,-86.5876980
33.9441470,-86.5876230
33.9443350,-86.5873890
33.9447940,-86.5868430
33.9451090,-86.5864920
33.9453280,-86.5862710
33.9455620,-86.5860670
33.9458050,-86.5858840
33.9459300,-86.5858000
33.9460570,-86.5857220
33.9461970,-86.5856450
33.9462510,-86.5856160
33.9464540,-86.5855240
33.9466570,-86.5854440
33.9472000,-86.5852970
33.9476210,-86.5852490
33.9479770,-86.5852390
33.9481210,-86.5852420
33.9494110,-86.5853180
33.9508440,-86.5854020
33.9511290,-86.5854300
33.9514130,-86.5854700
33.9516910,-86.5855260
33.9519670,-86.5856020
33.9521040,-86.5856500
33.9522390,-86.5857040
33.9523740,-86.5857650
33.9527730,-86.5859750
33.9530320,-86.5861190
33.9534850,-86.5863950
33.9543030,-86.5868660
33.9544400,-86.5869280
33.9545760,-86.5869820
33.9548490,-86.5870730
33.9549890,-86.5871120
33.9551310,-86.5871450
33.9552720,-86.5871720
33.9553290,-86.5871790
33.9556260,-86.5872160
33.9561750,-86.5872560
33.9562470,-86.5872680
33.9569060,-86.5873040
33.9572750,-86.5873300
33.9574960,-86.5873350
33.9577130,-86.5873620
33.9586390,-86.5874090
33.9587780,-86.5874220
33.9592400,-86.5874790
33.9594600,-86.5875190
33.9598920,-86.5876190
33.9602450,-86.5877090
33.9603160,-86.5877270
33.9607320,-86.5878230
33.9611790,-86.5879440
33.9613850,-86.5879850
33.9618120,-86.5880910
33.9625020,-86.5882360
33.9628240,-86.5882950
33.9630030,-86.5883140
33.9631450,-86.5883240
33.9632890,-86.5883280
33.9635050,-86.5883230
33.9637260,-86.5883040
33.9639440,-86.5882770
33.9641600,-86.5882350
33.9645920,-86.5881360
33.9651590,-86.5879890
33.9660210,-86.5877900
33.9664500,-86.5876890
33.9665940,-86.5876740
33.9668810,-86.5876330
33.9670250,-86.5876290
33.9671720,-86.5876360
33.9673170,-86.5876490
33.9674600,-86.5876680
33.9676030,-86.5876940
33.9678870,-86.5877590
33.9679520,-86.5877760
33.9680290,-86.5877960
33.9687780,-86.5880320
33.9691300,-86.5881350
33.9692800,-86.5881720
33.9693580,-86.5881990
33.9697980,-86.5883120
33.9702130,-86.5884410
33.9709070,-86.5886480
33.9718250,-86.5889370
33.9725280,-86.5891480
33.9728110,-86.5892220
33.9731000,-86.5892770
33.9732450,-86.5892960
33.9735320,-86.5893230
33.9736790,-86.5893220
33.9739700,-86.5893020
33.9744030,-86.5892430
33.9749790,-86.5891360
33.9751250,-86.5890960
33.9763510,-86.5888400
33.9767790,-86.5887590
33.9769880,-86.5887130
33.9772700,-86.5886580
33.9796920,-86.5881520
33.9813830,-86.5877950
33.9821160,-86.5876400
33.9825470,-86.5875560
33.9831860,-86.5874550
33.9838160,-86.5873320
33.9839590,-86.5873240
33.9842420,-86.5873320
33.9846150,-86.5873050
33.9851910,-86.5872880
33.9859120,-86.5872790
33.9865630,-86.5872600
33.9880120,-86.5872450
33.9887340,-86.5872350
33.9893110,-86.5872330
33.9894890,-86.5872280
33.9897480,-86.5872200
33.9903290,-86.5871760
33.9906200,-86.5871440
33.9909080,-86.5870970
33.9913360,-86.5870070
33.9917590,-86.5869010
33.9925220,-86.5866550
33.9926510,-86.5865980
33.9928970,-86.5864980
33.9931010,-86.5864010
33.9940150,-86.5860100
33.9943200,-86.5858770
33.9944540,-86.5858080
33.9948580,-86.5856330
33.9958760,-86.5851890
33.9962160,-86.5850320
33.9970220,-86.5846720
33.9971290,-86.5846300
33.9977160,-86.5843630
33.9981310,-86.5841930
33.9998020,-86.5834480
34.0036720,-86.5817580
34.0040140,-86.5816120
34.0049710,-86.5811860
34.0054520,-86.5809740
34.0056430,-86.5808990
33.6957090,-86.6886740
33.7161000,-86.6779070
33.7173980,-86.6779110
33.7255040,-86.6783230
33.7313780,-86.6796080
33.7014160,-86.6856740
33.7014890,-86.6858250
33.7081620,-86.6816130
33.7080480,-86.6816810
33.7096530,-86.6807340
33.7449970,-86.6834660
33.5947800,-86.7615320
33.5947080,-86.7613930
33.7376860,-86.6813940
33.7696230,-86.6833660
33.7912140,-86.6864390
33.7099060,-86.6805850
33.7099650,-86.6807310
33.6971797,-86.6880106
33.7556900,-86.6846040
33.5746700,-86.7826900
33.5739150,-86.7830930
33.5734850,-86.7833370
33.5731930,-86.7834830
33.5721180,-86.7840690
33.5718970,-86.7841640
33.5716290,-86.7842710
33.5714780,-86.7843250
33.5714510,-86.7843320
33.5713690,-86.7843550
33.5712510,-86.7843810
33.5711060,-86.7844130
33.5708980,-86.7844420
33.5706260,-86.7844640
33.5704460,-86.7844510
33.5700270,-86.7843920
33.5693650,-86.7842160
33.5687970,-86.7840520
33.5683750,-86.7839390
33.5681200,-86.7838660
33.5677512,-86.7837709
33.5673780,-86.7836590
33.5669480,-86.7835490
33.5667420,-86.7835080
33.5662830,-86.7834430
33.5659660,-86.7834160
33.5650440,-86.7834030
33.5640760,-86.7833920
33.5636070,-86.7833910
33.5621856,-86.7833888
33.5620730,-86.7833880
33.5612920,-86.7833775
33.5608010,-86.7833790
33.5603790,-86.7833824
33.5601320,-86.7833870
33.5598840,-86.7833890
33.5589600,-86.7833930
33.5584160,-86.7834010
33.5578700,-86.7834020
33.5573439,-86.7834274
33.5567940,-86.7834510
33.5565770,-86.7834530
33.5562430,-86.7834570
33.5547640,-86.7834500
33.5538010,-86.7834530
33.5532470,-86.7834610
33.5529060,-86.7834610
33.5527450,-86.7834500
33.5524910,-86.7834030
33.5525920,-86.7832260
33.5527400,-86.7832630
33.5529120,-86.7832710
33.5532360,-86.7832650
33.5537980,-86.7832760
33.5547610,-86.7832710
33.5562390,-86.7832750
33.5565780,-86.7832720
33.5567850,-86.7832720
33.5573370,-86.7832490
33.5578770,-86.7832310
33.5584110,-86.7832250
33.5589930,-86.7832150
33.5594440,-86.7832190
33.5599050,-86.7832110
33.5603740,-86.7832070
33.5608260,-86.7832190
33.5612870,-86.7832110
33.5615300,-86.7832140
33.5621810,-86.7832090
33.5631030,-86.7832160
33.5636040,-86.7832080
33.5640620,-86.7832010
33.5641120,-86.7832070
33.5650310,-86.7832030
33.5657990,-86.7832120
33.5659580,-86.7832230
33.5664150,-86.7832670
33.5667930,-86.7833350
33.5670740,-86.7833980
33.5681530,-86.7836980
33.5688430,-86.7838830
33.5693920,-86.7840480
33.5701500,-86.7842380
33.5704350,-86.7842660
33.5706140,-86.7842790
33.5708860,-86.7842570
33.5710930,-86.7842380
33.5714050,-86.7841690
33.5716610,-86.7840760
33.5719290,-86.7839680
33.5730730,-86.7833560
33.5733650,-86.7832080
33.5736100,-86.7830770
33.5764650,-86.7814360
33.6761690,-86.6945840
33.6762440,-86.6947110
33.6102350,-86.7452070
33.6085580,-86.7478970
33.6087440,-86.7478800
33.7625850,-86.6839760
33.7950450,-86.6866940
33.6320580,-86.7289620
33.6321190,-86.7291610
33.6376430,-86.7271520
33.6375980,-86.7269830
33.7021730,-86.6854160
33.7010260,-86.6859030
33.6802210,-86.6923720
33.6814910,-86.6921430
33.6795010,-86.6926570
33.6745350,-86.6961030
33.6744430,-86.6959570
33.7699020,-86.6833660
33.7701410,-86.6833740
33.5849610,-86.7718900
33.6139220,-86.7425770
33.6138270,-86.7424510
33.5992614,-86.7568859
33.6653780,-86.7036050
33.7970550,-86.6864230
33.7483879,-86.6844325
33.6489980,-86.7185600
33.5881904,-86.7662467
33.6460470,-86.7212790
33.5818620,-86.7759030
33.5817670,-86.7757790
33.7394390,-86.6818920
33.5797370,-86.7774970
33.7970040,-86.6864420
33.6275970,-86.7309790
33.6224830,-86.7353650
33.6894380,-86.6909680
33.6490750,-86.7186980
33.6905790,-86.6905930
33.7406970,-86.6822540
33.6685790,-86.7011130
33.5931300,-86.7625880
33.5772140,-86.7807050
33.5975130,-86.7585110
33.5979590,-86.7580340
33.5825970,-86.7748530
33.7538000,-86.6847790
33.6220400,-86.7357480
33.6221290,-86.7358890
33.6049040,-86.7538610
33.7915750,-86.6864720
33.7898810,-86.6863060
33.6879970,-86.6912270
33.6879920,-86.6914060
33.6817970,-86.6918720
33.7005350,-86.6862000
33.6999430,-86.6865420
33.6994660,-86.6868060
33.6989400,-86.6870970
33.6983440,-86.6874170
33.6974590,-86.6878750
33.6998630,-86.6867830
33.6995600,-86.6869480
33.6983330,-86.6876160
33.6972320,-86.6881380
33.5980460,-86.7581680
33.7452680,-86.6835450
33.7499350,-86.6847480
33.7501740,-86.6847850
33.7505430,-86.6848290
33.7509380,-86.6848650
33.7512870,-86.6848810
33.7519410,-86.6848940
33.7526300,-86.6848770
33.7550870,-86.6846570
33.7551560,-86.6846450
33.7557690,-86.6845980
33.7597010,-86.6842390
33.7600350,-86.6842050
33.7643850,-86.6838060
33.7652610,-86.6837310
33.7662440,-86.6836350
33.7664770,-86.6836200
33.7666750,-86.6835940
33.7683690,-86.6834410
33.7689760,-86.6833920
33.7694470,-86.6833690
33.7697800,-86.6833620
33.7703420,-86.6833810
33.7705260,-86.6833940
33.7707040,-86.6833990
33.7712520,-86.6834510
33.7722980,-86.6836100
33.7724710,-86.6836450
33.7774190,-86.6845180
33.7785030,-86.6847090
33.7802150,-86.6850280
33.7830680,-86.6855100
33.7842510,-86.6856750
33.7882290,-86.6861230
33.7901840,-86.6863450
33.7937980,-86.6866140
33.7956090,-86.6866940
33.7960440,-86.6866560
33.7964760,-86.6865800
33.7973590,-86.6863100
33.5834040,-86.7742040
33.5833050,-86.7740720
33.5857160,-86.7707600
33.5855880,-86.7706690
33.6297130,-86.7298430
33.6297950,-86.7299970
33.6280690,-86.7308980
33.6451250,-86.7218370
33.6452090,-86.7219810
33.5852360,-86.7713710
33.5853679,-86.7714621
33.7324370,-86.6799110
33.6483950,-86.7190740
33.7358480,-86.6808680
33.5745690,-86.7825650
33.6242200,-86.7340650
33.5876950,-86.7671740
33.6858720,-86.6913410
33.6856550,-86.6915420
33.6031100,-86.7550600
33.6030330,-86.7548940
33.6955330,-86.6887500
33.6957020,-86.6888490
33.7063290,-86.6827210
33.7063990,-86.6828850
33.6673460,-86.7021530
33.6588330,-86.7091130
33.6802580,-86.6925430
33.6434140,-86.7234730
33.6433110,-86.7233200
33.6544630,-86.7133410
33.6191660,-86.7384990
33.5866447,-86.7689236
33.5865204,-86.7688341
33.6672020,-86.7022740
33.6667100,-86.7026950
33.6157410,-86.7413570
33.7149910,-86.6780140
33.7154280,-86.6780960
33.7442653,-86.6833047
33.5804400,-86.7768940
33.6890798,-86.6910539
33.6890831,-86.6912390
33.6654890,-86.7037180
33.6960860,-86.6885060
33.6529880,-86.7146610
33.6530550,-86.7147870
33.7231640,-86.6781680
33.5841320,-86.7733890
33.5840410,-86.7732540
33.6805330,-86.6922590
33.6806490,-86.6922170
33.6812960,-86.6920100
33.6825010,-86.6917100
33.6829970,-86.6916140
33.6836520,-86.6915070
33.6840980,-86.6914560
33.6843360,-86.6914410
33.6845210,-86.6914240
33.6856130,-86.6913540
33.6873590,-86.6912660
33.6884140,-86.6911860
33.6886730,-86.6911400
33.6887740,-86.6911280
33.6888870,-86.6911010
33.6896340,-86.6909120
33.6903690,-86.6906600
33.6915180,-86.6902500
33.6932350,-86.6896440
33.6950550,-86.6889520
33.6969170,-86.6881310
33.6968100,-86.6883550
33.6952730,-86.6890360
33.6950620,-86.6891190
33.6947560,-86.6892470
33.6941840,-86.6894730
33.6897040,-86.6910710
33.6893150,-86.6911830
33.6889910,-86.6912580
33.6887810,-86.6913010
33.6886670,-86.6913180
33.6884520,-86.6913590
33.6881240,-86.6913960
33.6849940,-86.6915810
33.6834700,-86.6917220
33.6813090,-86.6921920
33.6808870,-86.6923220
33.6796340,-86.6927920
33.6788120,-86.6931640
33.6780090,-86.6935720
33.6770630,-86.6941470
33.6755100,-86.6952800
33.6641570,-86.7048430
33.6592000,-86.7090120
33.6512670,-86.7166480
33.6499650,-86.7179140
33.6416760,-86.7249440
33.6412240,-86.7252850
33.6399070,-86.7261090
33.6382360,-86.7269320
33.6376200,-86.7271610
33.6290540,-86.7303170
33.6279060,-86.7309670
33.6269390,-86.7316760
33.6208010,-86.7370510
33.6192280,-86.7384440
33.6176700,-86.7397320
33.6173930,-86.7400110
33.6167550,-86.7405580
33.6144700,-86.7422340
33.6127040,-86.7433520
33.6118140,-86.7439620
33.6112250,-86.7444470
33.6107090,-86.7449320
33.6098230,-86.7460020
33.6091830,-86.7470090
33.6087980,-86.7477720
33.6082680,-86.7488340
33.6070930,-86.7511220
33.6067840,-86.7516620
33.6064140,-86.7522010
33.6059010,-86.7528530
33.6053980,-86.7534040
33.6042880,-86.7543440
33.6038890,-86.7546170
33.6012540,-86.7559340
33.6008880,-86.7561060
33.6001880,-86.7564800
33.5995670,-86.7568820
33.5990850,-86.7572410
33.5983550,-86.7578620
33.5964740,-86.7599230
33.5959170,-86.7604970
33.5953590,-86.7610350
33.5943570,-86.7618960
33.5926340,-86.7631620
33.5891450,-86.7657080
33.5886600,-86.7660860
33.5881230,-86.7666630
33.5877070,-86.7671560
33.5873260,-86.7676980
33.5871120,-86.7680590
33.5868660,-86.7685090
33.5850910,-86.7719880
33.5849780,-86.7722120
33.5847770,-86.7725430
33.5846380,-86.7727530
33.5844490,-86.7730150
33.5827020,-86.7749830
33.5819770,-86.7757860
33.5815540,-86.7762180
33.5813500,-86.7763940
33.5809780,-86.7767050
33.5805930,-86.7769900
33.5802980,-86.7772130
33.5801030,-86.7773680
33.5798770,-86.7775840
33.5796510,-86.7778390
33.5793710,-86.7782170
33.5788960,-86.7789420
33.5786500,-86.7792870
33.5782920,-86.7797510
33.5780650,-86.7800180
33.5778550,-86.7802400
33.5773610,-86.7807940
33.5769780,-86.7811930
33.5765710,-86.7815630
33.5762890,-86.7817720
33.5760450,-86.7819350
33.5758530,-86.7820490
33.5757580,-86.7821020
33.5755920,-86.7821940
33.6796080,-86.6926100
33.6792960,-86.6927450
33.6786660,-86.6930410
33.6773130,-86.6937920
33.6753000,-86.6952380
33.6658000,-86.7032490
33.6649810,-86.7039350
33.6643650,-86.7044650
33.6617130,-86.7066910
33.6591720,-86.7088240
33.6590460,-86.7089310
33.6502480,-86.7174090
33.6467480,-86.7204780
33.6452660,-86.7216940
33.6444250,-86.7224290
33.6411230,-86.7251500
33.6406340,-86.7254870
33.6395620,-86.7260950
33.6370910,-86.7271780
33.6349120,-86.7279260
33.6340870,-86.7282590
33.6298900,-86.7297730
33.6293490,-86.7299820
33.6282650,-86.7305360
33.6270030,-86.7314220
33.6219250,-86.7358220
33.6172720,-86.7399100
33.6163960,-86.7406390
33.6156520,-86.7412170
33.6140380,-86.7423080
33.6118150,-86.7437430
33.6113930,-86.7440750
33.6113580,-86.7441030
33.6108650,-86.7445570
33.6099040,-86.7456270
33.6086730,-86.7476780
33.6081450,-86.7487320
33.6077120,-86.7495660
33.6069750,-86.7510330
33.6062620,-86.7521440
33.6062040,-86.7522170
33.6043130,-86.7541390
33.6016130,-86.7555720
33.6007910,-86.7559650
33.5997680,-86.7565410
33.5993520,-86.7568240
33.5987910,-86.7572530
33.5983380,-86.7576540
33.5967060,-86.7594220
33.5958250,-86.7603700
33.5940610,-86.7619140
33.5925560,-86.7630090
33.5893820,-86.7652760
33.5884870,-86.7659750
33.5879760,-86.7664680
33.5876070,-86.7669060
33.5875700,-86.7669500
33.5873790,-86.7672160
33.5871692,-86.7675820
33.5848860,-86.7720350
33.5846610,-86.7724350
33.5842690,-86.7729850
33.5818600,-86.7756720
33.5814390,-86.7761040
33.5812500,-86.7762780
33.5808740,-86.7765850
33.5801530,-86.7771200
33.5795080,-86.7777560
33.5792390,-86.7781390
33.5787600,-86.7788690
33.5784590,-86.7792910
33.5781400,-86.7796790
33.5779090,-86.7799520
33.5776550,-86.7802320
33.5768750,-86.7810640
33.5759400,-86.7818080
33.5757480,-86.7819220
33.5754730,-86.7820590
33.5749680,-86.7823360
33.7494180,-86.6846670
33.7488770,-86.6845550
33.7485034,-86.6844638
33.7448410,-86.6834200
33.7427220,-86.6828220
33.7419380,-86.6826000
33.7308080,-86.6794440
33.7302890,-86.6792990
33.7293530,-86.6790390
33.7288480,-86.6789080
33.7279270,-86.6787030
33.7274870,-86.6786170
33.7266260,-86.6784660
33.7258530,-86.6783630
33.7253190,-86.6783020
33.7244590,-86.6782370
33.7230010,-86.6781590
33.7212530,-86.6780980
33.7211630,-86.6781200
33.7195010,-86.6781050
33.7193930,-86.6781040
33.7163530,-86.6780370
33.7158270,-86.6780490
33.7150560,-86.6781450
33.7140700,-86.6783970
33.7139800,-86.6784330
33.7133690,-86.6786800
33.7126510,-86.6790730
33.7125630,-86.6791280
33.7113650,-86.6798750
33.7081260,-86.6818420
33.7211710,-86.6780720
33.7208870,-86.6780440
33.7196520,-86.6780010
33.7185460,-86.6779620
33.7173090,-86.6779070
33.7164550,-86.6779000
33.7158190,-86.6779120
33.7144660,-86.6781410
33.7139580,-86.6782990
33.7139240,-86.6783100
33.7131880,-86.6786210
33.7126380,-86.6789310
33.7124940,-86.6790180
33.7113030,-86.6797310
33.7086780,-86.6813060
33.7079830,-86.6817200
33.7075960,-86.6819500
34.2409680,-86.3947640
34.2398600,-86.3956480
34.2335130,-86.4012710
34.2391610,-86.3962650
34.3044490,-86.3420660
34.3350790,-86.3145980
34.2775780,-86.3683040
34.3350260,-86.3150650
34.3350320,-86.3149890
34.2776200,-86.3682650
34.3026940,-86.3440790
34.3223730,-86.3314290
34.3267120,-86.3295000
34.2959170,-86.3519090
34.3308150,-86.3263540
34.3203240,-86.3323290
34.2204990,-86.4092610
34.3182690,-86.3332430
34.3161510,-86.3341830
34.3323020,-86.3236400
34.3286720,-86.3284550
34.3337640,-86.3190650
34.2988280,-86.3485470
34.3091270,-86.3378250
34.3047150,-86.3417610
34.2985350,-86.3488850
34.3164390,-86.3340410
34.3071780,-86.3393580
34.2277110,-86.4052420
34.2788940,-86.3671620
34.3258760,-86.3298640
34.2849880,-86.3619060
34.2429730,-86.3936930
34.3189340,-86.3329490
34.3132920,-86.3354400
34.3240170,-86.3306960
34.2885160,-86.3588720
34.2491230,-86.3908860
34.2222740,-86.4080540
34.2900560,-86.3575410
34.3350540,-86.3148380
34.3350380,-86.3149170
34.3348390,-86.3156420
34.3338310,-86.3188670
34.3336540,-86.3194470
34.3335770,-86.3197110
34.3334770,-86.3199940
34.3328760,-86.3219200
34.3326980,-86.3224790
34.3325230,-86.3230450
34.3324140,-86.3233610
34.3322000,-86.3239070
34.3319640,-86.3244370
34.3317060,-86.3249500
34.3314250,-86.3254480
34.3311210,-86.3259240
34.3309830,-86.3261230
34.3306950,-86.3265080
34.3303410,-86.3269390
34.3299720,-86.3273450
34.3299160,-86.3273920
34.3298640,-86.3274530
34.3297530,-86.3275630
34.3293260,-86.3279480
34.3289340,-86.3282630
34.3281820,-86.3287720
34.3272620,-86.3292560
34.3264560,-86.3296180
34.3248360,-86.3303310
34.3243660,-86.3305320
34.3242320,-86.3306020
34.3237920,-86.3307920
34.3235550,-86.3308940
34.3233560,-86.3309870
34.3231580,-86.3310710
34.3220820,-86.3315660
34.3219510,-86.3316210
34.3216620,-86.3317580
34.3215440,-86.3318050
34.3197820,-86.3325740
34.3170580,-86.3337810
34.3166790,-86.3339370
34.3163450,-86.3340970
34.3131800,-86.3354880
34.3122440,-86.3359330
34.3113360,-86.3364390
34.3104340,-86.3369720
34.3099810,-86.3372470
34.3092900,-86.3377090
34.3092153,-86.3377695
34.3089810,-86.3379280
34.3085540,-86.3382480
34.3081310,-86.3385760
34.3077130,-86.3389090
34.3070680,-86.3394450
34.3062610,-86.3401720
34.3058750,-86.3405480
34.3054880,-86.3409340
34.3051060,-86.3413380
34.3017270,-86.3452020
34.3005330,-86.3465720
34.2994510,-86.3478360
34.2993400,-86.3479480
34.2989760,-86.3483670
34.2951360,-86.3527990
34.2943930,-86.3535990
34.2938200,-86.3541830
34.2936210,-86.3543870
34.2930580,-86.3549250
34.2927760,-86.3551800
34.2926010,-86.3553380
34.2916800,-86.3561540
34.2915050,-86.3562960
34.2860220,-86.3610250
34.2847970,-86.3620780
34.2823510,-86.3641880
34.2774010,-86.3684510
34.2749580,-86.3705530
34.2725090,-86.3726470
34.2700650,-86.3747640
34.2676140,-86.3768550
34.2663760,-86.3779000
34.2651280,-86.3789110
34.2636920,-86.3800360
34.2633280,-86.3803130
34.2632080,-86.3803980
34.2630270,-86.3805430
34.2588740,-86.3836700
34.2579190,-86.3843800
34.2552310,-86.3864090
34.2548250,-86.3867160
34.2509980,-86.3895970
34.2501290,-86.3902290
34.2498940,-86.3903850
34.2492530,-86.3908100
34.2483520,-86.3913300
34.2474150,-86.3917720
34.2466780,-86.3920860
34.2457330,-86.3925060
34.2447840,-86.3929040
34.2438400,-86.3933100
34.2427670,-86.3937840
34.2418250,-86.3942410
34.2413680,-86.3945030
34.2411770,-86.3946240
34.2409880,-86.3947500
34.2408040,-86.3948820
34.2403800,-86.3952050
34.2399680,-86.3955520
34.2387540,-86.3966180
34.2362540,-86.3988440
34.2347620,-86.4001650
34.2323050,-86.4023240
34.2315010,-86.4030460
34.2306660,-86.4037060
34.2297820,-86.4042680
34.2288600,-86.4047430
34.2279140,-86.4051570
34.2264960,-86.4057830
34.2260370,-86.4059870
34.2256560,-86.4061710
34.2251050,-86.4064360
34.2241860,-86.4069190
34.2232770,-86.4074330
34.2232060,-86.4074770
34.2218100,-86.4083580
34.2203810,-86.4093480
34.2195330,-86.4100010
34.2187590,-86.4107470
34.2180250,-86.4115810
34.2173760,-86.4125050
34.2167950,-86.4134940
34.2154080,-86.4160170
34.2151260,-86.4165120
34.2148870,-86.4169400
33.5678697,-86.7836250
33.6176330,-86.7395730
33.6190810,-86.7383450
33.6207340,-86.7368860
33.6241420,-86.7339300
33.6244840,-86.7335990
33.6266100,-86.7317560
33.6279740,-86.7307260
33.6292680,-86.7300240
33.6293730,-86.7301790
33.6390160,-86.7263690
33.6403710,-86.7256360
33.6423640,-86.7241610
33.6435650,-86.7231470
33.6443270,-86.7225120
33.6445090,-86.7225630
33.6454950,-86.7217410
33.6454010,-86.7215760
33.6459960,-86.7210560
33.6493540,-86.7182320
33.6537390,-86.7138620
33.6543970,-86.7132090
33.6561790,-86.7113480
33.6589300,-86.7092350
33.6659060,-86.7033680
33.6618020,-86.7068230
33.6626720,-86.7058860
33.6627600,-86.7060180
33.6103829,-86.7453199
33.6095210,-86.7461680
33.6091360,-86.7467910
33.6032240,-86.7547960
33.6048230,-86.7537310
33.6053590,-86.7532110
33.6058210,-86.7527000
33.6064010,-86.7522180
33.6666060,-86.7025690
33.6671130,-86.7021400
33.6675000,-86.7018140
33.6684950,-86.7009760
33.6571510,-86.7107390
33.6563160,-86.7115240
33.6906310,-86.6907550
33.6919170,-86.6902950
33.6934070,-86.6897630
33.6981720,-86.6876960
33.6845680,-86.6916010
33.6842310,-86.6916270
33.6830360,-86.6917890
33.6824910,-86.6918950
33.6818370,-86.6920500
33.6963499,-86.6883869
33.5895617,-86.7654039
33.7153864,-86.6779653
33.7172885,-86.6780576
34.1607195,-86.4759363
33.5594474,-86.7833909
33.5631085,-86.7833889
34.3102793,-86.3370659
33.5649619,-86.7832033
33.5651776,-86.7834019
33.5655958,-86.7832096
33.5676332,-86.7835575
33.5680280,-86.7838423
33.5729620,-86.7834154
33.5733614,-86.7833988
33.5870725,-86.7677686
33.5873943,-86.7676010
33.5883139,-86.7664579
33.5897573,-86.7650079
33.5898495,-86.7651939
33.5903917,-86.7645548
33.5904848,-86.7647303
33.6029177,-86.7549491
33.6032733,-86.7549671
33.7400180,-86.6820585
33.6704390,-86.6995485
33.6703203,-86.6994358
33.6692768,-86.7005260
33.6692018,-86.7003796
33.6678796,-86.7017029
33.6677991,-86.7015621
33.6621825,-86.7065033
33.6621143,-86.7063542
33.6603015,-86.7080853
33.6602047,-86.7079571
33.6523411,-86.7155301
33.6522532,-86.7153980
33.6513907,-86.7165193
33.6512705,-86.7163835
33.6474045,-86.7201219
33.6473228,-86.7199880
33.6469295,-86.7205268
33.6468556,-86.7203863
33.6388205,-86.7266441
33.6387641,-86.7264781
33.6349266,-86.7281403
33.6348720,-86.7279422
33.6268571,-86.7315460
33.6199142,-86.7378363
33.6198345,-86.7376800
33.6097137,-86.7458958
33.6090669,-86.7469234
33.6078458,-86.7496562
33.6077256,-86.7495397
33.6058046,-86.7527181
33.5993377,-86.7570528
33.5911655,-86.7642336
33.5910838,-86.7640605
33.5891133,-86.7657327
33.5890185,-86.7655599
33.5931974,-86.7627481
33.5805151,-86.7770489
33.5798469,-86.7776180
33.5784763,-86.7795121
33.5783816,-86.7793851
33.5773096,-86.7808476
