34.1714800,-88.0670620
34.1633960,-88.0624350
34.1708130,-88.0663410
34.0722260,-87.9810820
34.0713640,-87.9706790
34.0879390,-88.0038210
34.0933880,-88.0108360
34.0935800,-88.0115430
34.0884310,-88.0048830
34.1218440,-88.0495740
34.1182290,-88.0407520
34.1187820,-88.0414360
34.1217860,-88.0487520
33.9909290,-87.7810710
33.9889020,-87.7727150
33.9912880,-87.7812970
34.0146770,-87.8378120
34.0093248,-87.8307728
34.0093473,-87.8303279
34.0433816,-87.8939110
34.0388960,-87.8838831
34.0434856,-87.8934526
34.0388544,-87.8832341
34.1950770,-88.1272810
34.1633740,-88.0627350
34.1180210,-88.0402310
34.1182780,-88.0402090
34.1120220,-88.0278850
34.1121460,-88.0276230
34.1929870,-88.1182390
34.1931940,-88.1178050
34.0716530,-87.9708180
34.0724160,-87.9804250
33.9988450,-87.8067410
33.9990700,-87.8066220
34.1949840,-88.1257190
34.0463260,-87.9214500
34.0465500,-87.9210920
34.2032550,-88.1628660
34.2024740,-88.1594760
34.2021510,-88.1580740
34.2018170,-88.1566070
34.2009720,-88.1529670
34.2004680,-88.1507660
34.1982400,-88.1410760
34.1978780,-88.1394750
34.1973480,-88.1371620
34.1972010,-88.1365110
34.1970100,-88.1356670
34.1964990,-88.1334590
34.1955930,-88.1294940
34.1953260,-88.1283270
34.1952310,-88.1279290
34.1948700,-88.1263300
34.1944470,-88.1244530
34.1940490,-88.1227310
34.1934120,-88.1199320
34.1931460,-88.1187740
34.1929050,-88.1178160
34.1927010,-88.1168920
34.1923800,-88.1155160
34.1922690,-88.1150540
34.1921690,-88.1145850
34.1919130,-88.1136720
34.1917760,-88.1132130
34.1914860,-88.1123040
34.1911810,-88.1113970
34.1910780,-88.1111230
34.1910130,-88.1109490
34.1908570,-88.1104980
34.1903640,-88.1091350
34.1900360,-88.1082400
34.1893790,-88.1064390
34.1890560,-88.1055340
34.1879050,-88.1023700
34.1876540,-88.1016700
34.1868000,-88.0993240
34.1865500,-88.0986240
34.1856490,-88.0961600
34.1855420,-88.0958690
34.1850530,-88.0945020
34.1837970,-88.0910600
34.1831630,-88.0892920
34.1813340,-88.0842620
34.1805790,-88.0821670
34.1805090,-88.0819740
34.1801410,-88.0809740
34.1801080,-88.0808850
34.1787630,-88.0771720
34.1784820,-88.0764060
34.1783900,-88.0761550
34.1781300,-88.0754710
34.1778490,-88.0747960
34.1775470,-88.0741360
34.1772210,-88.0734890
34.1766880,-88.0725510
34.1763070,-88.0719470
34.1762460,-88.0718560
34.1761090,-88.0716520
34.1754870,-88.0707980
34.1752710,-88.0705210
34.1748210,-88.0699820
34.1743480,-88.0694690
34.1741080,-88.0692090
34.1733470,-88.0685020
34.1728280,-88.0680550
34.1722950,-88.0676360
34.1720950,-88.0674850
34.1717050,-88.0672170
34.1711310,-88.0665250
34.1714130,-88.0666970
34.1716780,-88.0668660
34.1720370,-88.0671120
34.1723100,-88.0673070
34.1727150,-88.0676140
34.1731810,-88.0679910
34.1735040,-88.0682760
34.1737590,-88.0685090
34.1739470,-88.0686870
34.1742550,-88.0689900
34.1745180,-88.0692660
34.1746150,-88.0693680
34.1747920,-88.0695600
34.1754760,-88.0703620
34.1759110,-88.0709270
34.1763330,-88.0715190
34.1765500,-88.0718540
34.1767350,-88.0721390
34.1769280,-88.0724590
34.1771150,-88.0727850
34.1774780,-88.0734490
34.1778210,-88.0741340
34.1782930,-88.0752030
34.1785770,-88.0759450
34.1787830,-88.0765060
34.1791340,-88.0774620
34.1803800,-88.0809040
34.1804860,-88.0811960
34.1809520,-88.0824980
34.1819500,-88.0852360
34.1837130,-88.0901210
34.1851240,-88.0939850
34.1859160,-88.0961680
34.1872570,-88.0998670
34.1880070,-88.1019240
34.1896460,-88.1064540
34.1902040,-88.1079830
34.1911640,-88.1106450
34.1912990,-88.1110270
34.1914130,-88.1113510
34.1916570,-88.1120650
34.1918900,-88.1127950
34.1922270,-88.1139260
34.1924640,-88.1148000
34.1926870,-88.1156940
34.1930930,-88.1174280
34.1933720,-88.1186570
34.1936590,-88.1199150
34.1947990,-88.1249240
34.1950070,-88.1258470
34.1952400,-88.1268650
34.1954640,-88.1278280
34.1955760,-88.1283080
34.1958430,-88.1294790
34.1972770,-88.1357580
34.1974630,-88.1365630
34.1976890,-88.1375400
34.1980060,-88.1389630
34.1984980,-88.1411260
34.1988400,-88.1425890
34.1990050,-88.1433280
34.2001340,-88.1482290
34.2019940,-88.1563130
34.2027230,-88.1594600
34.2033490,-88.1621590
33.9926528,-87.7871497
33.9928829,-87.7870566
33.9682212,-87.7110295
33.9684390,-87.7107540
33.9905940,-87.7788740
33.9910010,-87.7802980
33.9911390,-87.7807990
33.9914100,-87.7817610
33.9914780,-87.7819940
33.9922800,-87.7848850
33.9939960,-87.7910700
33.9949270,-87.7944110
33.9952680,-87.7956310
33.9957800,-87.7974040
33.9959960,-87.7981200
33.9962470,-87.7989350
33.9966060,-87.8000200
33.9969160,-87.8009200
33.9972380,-87.8018110
33.9975460,-87.8026260
33.9977410,-87.8031420
34.0002380,-87.8096840
34.0022372,-87.8150277
34.0025760,-87.8158918
34.0028290,-87.8164570
34.0032090,-87.8175010
34.0033230,-87.8178520
34.0037480,-87.8192610
34.0039700,-87.8199710
34.0042020,-87.8206820
34.0045870,-87.8217310
34.0052500,-87.8234590
34.0056760,-87.8244970
34.0059900,-87.8251760
34.0062780,-87.8257650
34.0065400,-87.8262600
34.0068120,-87.8267480
34.0071430,-87.8273040
34.0073890,-87.8276910
34.0075920,-87.8279950
34.0078520,-87.8283710
34.0082280,-87.8288890
34.0099940,-87.8312180
34.0119880,-87.8338540
34.0140700,-87.8365860
34.0145350,-87.8371970
34.0148120,-87.8375550
34.0148910,-87.8376580
34.0149350,-87.8377150
34.0151130,-87.8379360
34.0153420,-87.8382390
34.0155070,-87.8384700
34.0167480,-87.8401360
34.0172980,-87.8409120
34.0177430,-87.8415540
34.0180690,-87.8420430
34.0183240,-87.8424240
34.0190800,-87.8436180
34.0194500,-87.8442280
34.0239300,-87.8518770
34.0245210,-87.8529000
34.0252760,-87.8541920
34.0256550,-87.8548490
34.0260310,-87.8555130
34.0265450,-87.8564680
34.0265830,-87.8565390
34.0267600,-87.8568810
34.0272640,-87.8578850
34.0275440,-87.8584570
34.0275830,-87.8585370
34.0278910,-87.8591930
34.0281910,-87.8598520
34.0286260,-87.8608610
34.0308840,-87.8662970
34.0319310,-87.8686800
34.0323920,-87.8697040
34.0327080,-87.8703840
34.0330290,-87.8710570
34.0336710,-87.8723780
34.0366270,-87.8785620
34.0372950,-87.8799460
34.0392530,-87.8840320
34.0403550,-87.8863430
34.0418710,-87.8895150
34.0422840,-87.8904170
34.0426110,-87.8911820
34.0428920,-87.8918720
34.0432560,-87.8928200
34.0435700,-87.8936920
34.0438080,-87.8943930
34.0440290,-87.8951030
34.0442410,-87.8958190
34.0444440,-87.8965420
34.0446350,-87.8972730
34.0448120,-87.8980110
34.0448940,-87.8983800
34.0451220,-87.8994950
34.0451940,-87.8998660
34.0453280,-87.9006120
34.0453910,-87.9009860
34.0455050,-87.9017350
34.0455280,-87.9019040
34.0456060,-87.9024860
34.0456960,-87.9032340
34.0457750,-87.9039850
34.0458650,-87.9051160
34.0458880,-87.9054930
34.0459460,-87.9066200
34.0459620,-87.9070130
34.0461550,-87.9118270
34.0462770,-87.9145750
34.0463510,-87.9163960
34.0465300,-87.9205880
34.0466050,-87.9224490
34.0466520,-87.9236020
34.0467140,-87.9249130
34.0467310,-87.9251940
34.0467690,-87.9256590
34.0468250,-87.9262150
34.0468700,-87.9265850
34.0469360,-87.9270470
34.0469970,-87.9274150
34.0470630,-87.9277830
34.0471340,-87.9281520
34.0472540,-87.9287040
34.0473900,-87.9292520
34.0474900,-87.9296150
34.0476520,-87.9301550
34.0478250,-87.9306920
34.0480130,-87.9312220
34.0481460,-87.9315700
34.0483560,-87.9320850
34.0485770,-87.9325940
34.0488490,-87.9331810
34.0494960,-87.9344130
34.0498390,-87.9349580
34.0500380,-87.9352660
34.0502440,-87.9355690
34.0516340,-87.9374750
34.0524880,-87.9386220
34.0553690,-87.9425470
34.0598990,-87.9486910
34.0607780,-87.9499220
34.0609760,-87.9502060
34.0614090,-87.9508270
34.0618110,-87.9514140
34.0624170,-87.9523150
34.0625940,-87.9525780
34.0633690,-87.9537690
34.0652960,-87.9567950
34.0680120,-87.9610600
34.0690870,-87.9627470
34.0692840,-87.9630620
34.0694510,-87.9633300
34.0697940,-87.9639290
34.0699600,-87.9642370
34.0704200,-87.9652110
34.0705590,-87.9655510
34.0706910,-87.9658980
34.0709280,-87.9666090
34.0710330,-87.9669710
34.0713010,-87.9680720
34.0714390,-87.9688180
34.0715390,-87.9695720
34.0718670,-87.9735060
34.0718780,-87.9736550
34.0721190,-87.9766930
34.0721980,-87.9776890
34.0725490,-87.9821450
34.0728060,-87.9853480
34.0728850,-87.9860930
34.0730040,-87.9868340
34.0731620,-87.9875670
34.0733530,-87.9882910
34.0735880,-87.9890040
34.0740040,-87.9900480
34.0741610,-87.9903850
34.0744980,-87.9910400
34.0748700,-87.9916650
34.0752740,-87.9922590
34.0757050,-87.9928280
34.0761690,-87.9933670
34.0766690,-87.9938750
34.0772050,-87.9943590
34.0777650,-87.9948130
34.0788840,-87.9956850
34.0809860,-87.9973360
34.0825680,-87.9985790
34.0830900,-87.9989980
34.0836060,-87.9994290
34.0836300,-87.9994500
34.0841190,-87.9998690
34.0846240,-88.0003280
34.0853680,-88.0010350
34.0860930,-88.0017630
34.0863090,-88.0019900
34.0865680,-88.0022610
34.0870350,-88.0027740
34.0873790,-88.0031670
34.0888690,-88.0050000
34.0930000,-88.0103610
34.0935860,-88.0111260
34.0941222,-88.0118115
34.0945050,-88.0123030
34.0945850,-88.0124070
34.0948970,-88.0128110
34.0955290,-88.0136320
34.0955880,-88.0137080
34.0957300,-88.0138890
34.0974180,-88.0160700
34.0984610,-88.0174260
34.0988960,-88.0179510
34.0993510,-88.0184460
34.1000720,-88.0191410
34.1003210,-88.0193640
34.1005150,-88.0195250
34.1005790,-88.0195790
34.1006300,-88.0196190
34.1007760,-88.0197360
34.1010440,-88.0199390
34.1010890,-88.0199710
34.1011810,-88.0200370
34.1015240,-88.0202720
34.1015980,-88.0203220
34.1020250,-88.0205860
34.1023130,-88.0207520
34.1030400,-88.0211450
34.1062440,-88.0228380
34.1068220,-88.0231470
34.1073940,-88.0234770
34.1079540,-88.0238290
34.1085010,-88.0241960
34.1090360,-88.0245840
34.1095540,-88.0250000
34.1097020,-88.0251280
34.1100590,-88.0254370
34.1105520,-88.0258910
34.1112640,-88.0266120
34.1114940,-88.0268630
34.1119480,-88.0273810
34.1123880,-88.0279200
34.1128130,-88.0284770
34.1132210,-88.0290530
34.1136110,-88.0296510
34.1139860,-88.0302660
34.1143410,-88.0309020
34.1146720,-88.0315590
34.1149830,-88.0322280
34.1152760,-88.0329080
34.1158420,-88.0342700
34.1184860,-88.0407140
34.1193600,-88.0428350
34.1201050,-88.0446700
34.1201940,-88.0448900
34.1203820,-88.0453250
34.1223110,-88.0500340
34.1224560,-88.0503760
34.1227660,-88.0510410
34.1231080,-88.0516770
34.1234720,-88.0522970
34.1238640,-88.0528950
34.1242870,-88.0534650
34.1247310,-88.0540010
34.1251980,-88.0545080
34.1256850,-88.0549840
34.1259360,-88.0552100
34.1264560,-88.0556360
34.1269950,-88.0560300
34.1275510,-88.0563910
34.1281250,-88.0567160
34.1287150,-88.0570020
34.1293160,-88.0572520
34.1299290,-88.0574610
34.1305490,-88.0576290
34.1311770,-88.0577590
34.1318070,-88.0578450
34.1324360,-88.0578990
34.1359330,-88.0581580
34.1368390,-88.0582250
34.1387320,-88.0583560
34.1406040,-88.0585020
34.1406750,-88.0585070
34.1407630,-88.0585140
34.1420710,-88.0586090
34.1443530,-88.0587760
34.1456170,-88.0588640
34.1466610,-88.0589420
34.1506840,-88.0592390
34.1519480,-88.0593270
34.1532060,-88.0594260
34.1547760,-88.0595420
34.1551870,-88.0595830
34.1557120,-88.0596490
34.1561050,-88.0597090
34.1563320,-88.0597430
34.1569460,-88.0598610
34.1578610,-88.0600770
34.1583200,-88.0601990
34.1587050,-88.0603120
34.1590120,-88.0604110
34.1593940,-88.0605440
34.1600760,-88.0608070
34.1605490,-88.0610070
34.1606010,-88.0610290
34.1610500,-88.0612270
34.1612720,-88.0613340
34.1672320,-88.0644470
34.1674430,-88.0645560
34.1702740,-88.0660440
33.9884260,-87.7720910
33.9880490,-87.7706270
33.9878550,-87.7699060
33.9874440,-87.7684630
33.9873360,-87.7681040
33.9871020,-87.7673930
33.9868430,-87.7666970
33.9865620,-87.7660140
33.9864110,-87.7656780
33.9862550,-87.7653470
33.9859270,-87.7646950
33.9857550,-87.7643760
33.9854420,-87.7638300
33.9853990,-87.7637560
33.9850340,-87.7631510
33.9829900,-87.7597870
33.9829060,-87.7596500
33.9822400,-87.7585620
33.9815020,-87.7573340
33.9794563,-87.7540762
33.9791593,-87.7536106
33.9788730,-87.7530110
33.9785170,-87.7523890
33.9781750,-87.7517620
33.9778520,-87.7511250
33.9775390,-87.7504740
33.9772370,-87.7498050
33.9768120,-87.7487770
33.9766770,-87.7484280
33.9764210,-87.7477270
33.9760640,-87.7466640
33.9759530,-87.7463050
33.9757440,-87.7455810
33.9755714,-87.7450053
33.9750150,-87.7423724
33.9748780,-87.7414630
33.9746450,-87.7399050
33.9744770,-87.7387430
33.9738780,-87.7347350
33.9736029,-87.7329844
33.9730460,-87.7291800
33.9729360,-87.7284360
33.9727630,-87.7273260
33.9727000,-87.7269550
33.9725610,-87.7262110
33.9724040,-87.7254710
33.9721420,-87.7243640
33.9719170,-87.7235450
33.9717280,-87.7229130
33.9713750,-87.7218390
33.9711280,-87.7211320
33.9706160,-87.7197300
33.9703640,-87.7190260
33.9700000,-87.7179630
33.9697760,-87.7172460
33.9694590,-87.7161760
33.9692960,-87.7155870
33.9692610,-87.7154610
33.9691660,-87.7151040
33.9689880,-87.7143870
33.9687360,-87.7133170
33.9684110,-87.7118810
34.1709020,-88.0667030
34.1706860,-88.0665770
34.1692210,-88.0658010
34.1677510,-88.0650330
34.1671630,-88.0647210
34.1657130,-88.0639670
34.1632610,-88.0626760
34.1629260,-88.0625010
34.1616690,-88.0618460
34.1610980,-88.0615610
34.1605140,-88.0612900
34.1599160,-88.0610390
34.1590010,-88.0607100
34.1583810,-88.0605140
34.1580700,-88.0604240
34.1577580,-88.0603400
34.1568210,-88.0601230
34.1562240,-88.0600100
34.1561950,-88.0600040
34.1555730,-88.0599140
34.1549520,-88.0598430
34.1537140,-88.0597450
34.1518590,-88.0596150
34.1442800,-88.0590480
34.1427000,-88.0589390
34.1415770,-88.0588530
34.1408120,-88.0587940
34.1406690,-88.0587840
34.1405390,-88.0587740
34.1359220,-88.0584360
34.1354910,-88.0584070
34.1342450,-88.0583080
34.1333130,-88.0582480
34.1320700,-88.0581480
34.1314490,-88.0580790
34.1311390,-88.0580310
34.1305190,-88.0579060
34.1295970,-88.0576450
34.1292940,-88.0575390
34.1289910,-88.0574220
34.1283940,-88.0571550
34.1280990,-88.0570090
34.1272380,-88.0565190
34.1266860,-88.0561420
34.1264170,-88.0559420
34.1256380,-88.0552980
34.1251440,-88.0548320
34.1246730,-88.0543350
34.1244470,-88.0540740
34.1242270,-88.0538070
34.1238060,-88.0532500
34.1232200,-88.0523700
34.1228610,-88.0517570
34.1226910,-88.0514410
34.1223720,-88.0507930
34.1220780,-88.0501230
34.1217940,-88.0494380
34.1207270,-88.0468430
34.1202330,-88.0456570
34.1201960,-88.0455500
34.1196780,-88.0442790
34.1190530,-88.0427440
34.1183370,-88.0409990
34.1182170,-88.0407200
34.1181630,-88.0405740
34.1171430,-88.0381040
34.1160180,-88.0353640
34.1157370,-88.0346920
34.1154630,-88.0340170
34.1149010,-88.0326750
34.1144480,-88.0316820
34.1142860,-88.0313550
34.1142750,-88.0313340
34.1139400,-88.0307100
34.1135720,-88.0300800
34.1131840,-88.0294710
34.1127800,-88.0288790
34.1123580,-88.0283060
34.1119190,-88.0277560
34.1114700,-88.0272240
34.1110040,-88.0267130
34.1105200,-88.0262240
34.1100180,-88.0257570
34.1095030,-88.0253100
34.1087130,-88.0246860
34.1086450,-88.0246360
34.1084440,-88.0244900
34.1078980,-88.0241160
34.1073410,-88.0237650
34.1067740,-88.0234420
34.1059180,-88.0229740
34.1027360,-88.0212910
34.1021590,-88.0209760
34.1015900,-88.0206360
34.1010550,-88.0202780
34.1010320,-88.0202620
34.1005220,-88.0198780
34.1004860,-88.0198510
34.0999470,-88.0193970
34.0991530,-88.0186260
34.0988910,-88.0183460
34.0983790,-88.0177490
34.0978770,-88.0171080
34.0952090,-88.0136250
34.0946530,-88.0129200
34.0943230,-88.0124920
34.0938696,-88.0119349
34.0934410,-88.0113540
34.0916350,-88.0090110
34.0912040,-88.0084570
34.0907740,-88.0078990
34.0894920,-88.0062270
34.0889570,-88.0055450
34.0881440,-88.0044990
34.0874790,-88.0036860
34.0870300,-88.0031560
34.0865680,-88.0026400
34.0861300,-88.0021700
34.0860950,-88.0021320
34.0856160,-88.0016350
34.0848810,-88.0009180
34.0843850,-88.0004540
34.0838810,-88.0000030
34.0835090,-87.9996870
34.0833670,-87.9995660
34.0823230,-87.9987250
34.0799430,-87.9968600
34.0798270,-87.9967750
34.0791520,-87.9962420
34.0778460,-87.9952160
34.0773330,-87.9948080
34.0767750,-87.9943340
34.0764150,-87.9939960
34.0760070,-87.9935700
34.0758360,-87.9933790
34.0755570,-87.9930480
34.0751810,-87.9925610
34.0749230,-87.9921980
34.0746780,-87.9918240
34.0745360,-87.9915930
34.0742640,-87.9911180
34.0740920,-87.9907940
34.0738900,-87.9903810
34.0734610,-87.9893550
34.0733330,-87.9890060
34.0731040,-87.9882940
34.0729130,-87.9875640
34.0727600,-87.9868150
34.0726410,-87.9860460
34.0725220,-87.9848540
34.0723230,-87.9822910
34.0722690,-87.9815950
34.0719590,-87.9776870
34.0718240,-87.9759650
34.0716420,-87.9737060
34.0714710,-87.9717169
34.0712900,-87.9697640
34.0712000,-87.9690400
34.0710910,-87.9683260
34.0710240,-87.9679680
34.0709450,-87.9676060
34.0708550,-87.9672420
34.0706460,-87.9665300
34.0705250,-87.9661730
34.0702560,-87.9654740
34.0699540,-87.9647900
34.0697900,-87.9644530
34.0696180,-87.9641230
34.0692500,-87.9634830
34.0691320,-87.9632940
34.0688640,-87.9628670
34.0678990,-87.9613500
34.0649730,-87.9567490
34.0634710,-87.9543870
34.0628760,-87.9534670
34.0622750,-87.9525550
34.0619680,-87.9520980
34.0616700,-87.9516550
34.0609090,-87.9505560
34.0608510,-87.9504720
34.0600290,-87.9493100
34.0596160,-87.9487370
34.0579520,-87.9464690
34.0577380,-87.9461860
34.0568900,-87.9450330
34.0560260,-87.9438740
34.0547360,-87.9421120
34.0515610,-87.9378000
34.0509380,-87.9369600
34.0505260,-87.9363960
34.0501210,-87.9358260
34.0497210,-87.9352330
34.0495260,-87.9349280
34.0493390,-87.9346130
34.0488070,-87.9336560
34.0484860,-87.9329960
34.0481830,-87.9323140
34.0480390,-87.9319650
34.0479000,-87.9316110
34.0476380,-87.9308920
34.0474020,-87.9301610
34.0470940,-87.9290530
34.0470070,-87.9286790
34.0468510,-87.9279280
34.0467170,-87.9271750
34.0465660,-87.9260310
34.0465020,-87.9252640
34.0464390,-87.9241130
34.0463710,-87.9224990
34.0461310,-87.9168540
34.0460980,-87.9160780
34.0460130,-87.9141320
34.0458690,-87.9106280
34.0457110,-87.9069780
34.0456180,-87.9050380
34.0455510,-87.9043580
34.0453060,-87.9020990
34.0450120,-87.9001900
34.0446350,-87.8983880
34.0441990,-87.8966090
34.0438890,-87.8954990
34.0436650,-87.8947670
34.0430550,-87.8929800
34.0427890,-87.8922720
34.0426160,-87.8918330
34.0423650,-87.8912250
34.0419170,-87.8902000
34.0417620,-87.8898620
34.0402250,-87.8866480
34.0273080,-87.8585280
34.0263820,-87.8566870
34.0198630,-87.8454170
34.0188570,-87.8437090
34.0176800,-87.8419160
34.0166010,-87.8403690
34.0155830,-87.8389800
34.0148750,-87.8380500
34.0146980,-87.8378400
34.0138760,-87.8367590
34.0131200,-87.8357770
34.0120180,-87.8343170
34.0105370,-87.8323570
34.0101170,-87.8318150
34.0088890,-87.8302010
34.0082320,-87.8293290
34.0078240,-87.8287760
34.0074260,-87.8281970
34.0070410,-87.8276010
34.0066710,-87.8269900
34.0064900,-87.8266790
34.0063130,-87.8263640
34.0061410,-87.8260450
34.0058150,-87.8253980
34.0055100,-87.8247380
34.0052260,-87.8240660
34.0049530,-87.8233820
34.0042840,-87.8216340
34.0040220,-87.8209270
34.0038700,-87.8204800
34.0036460,-87.8197580
34.0033170,-87.8186650
34.0030900,-87.8179350
34.0028500,-87.8172190
34.0025960,-87.8165340
34.0020205,-87.8151609
34.0002610,-87.8104250
33.9972940,-87.8027040
33.9971780,-87.8024000
33.9969300,-87.8017300
33.9966820,-87.8010420
33.9963190,-87.7999820
33.9959670,-87.7989040
33.9957420,-87.7981790
33.9955230,-87.7974530
33.9953150,-87.7967250
33.9951130,-87.7959930
33.9947080,-87.7945590
33.9946070,-87.7942000
33.9939930,-87.7919850
33.9920150,-87.7848810
33.9915490,-87.7832190
33.9910540,-87.7814600
33.9909570,-87.7811490
33.8731400,-87.4409241
33.8566630,-87.3563540
33.8099610,-87.2930150
33.8511580,-87.3429700
33.8566590,-87.3511640
33.8183110,-87.3122400
33.8068910,-87.2731343
33.8553450,-87.3482590
33.8155450,-87.3106870
33.8237490,-87.3155430
33.8077580,-87.2851030
33.8079173,-87.2845755
33.8643222,-87.4180844
33.8639100,-87.4075580
33.8646190,-87.4175510
33.8157360,-87.3104050
33.8227290,-87.3146000
33.8636880,-87.4088050
33.8065479,-87.2780861
33.8065450,-87.2739020
33.8110078,-87.2984998
33.8221340,-87.3142930
33.8197450,-87.3130100
33.8177660,-87.3119450
33.8174350,-87.3117570
33.8171090,-87.3115490
33.8167920,-87.3113250
33.8164840,-87.3110830
33.8161830,-87.3108290
33.8158930,-87.3105610
33.8155780,-87.3102420
33.8153590,-87.3100070
33.8151480,-87.3097630
33.8149420,-87.3095080
33.8147450,-87.3092460
33.8145540,-87.3089740
33.8143730,-87.3086960
33.8142480,-87.3084880
33.8142000,-87.3084080
33.8139520,-87.3079660
33.8139270,-87.3079160
33.8137220,-87.3075140
33.8135790,-87.3072040
33.8134170,-87.3068070
33.8132970,-87.3064850
33.8131580,-87.3060730
33.8130830,-87.3058250
33.8130130,-87.3055700
33.8127590,-87.3045540
33.8125900,-87.3038520
33.8123930,-87.3030320
33.8121350,-87.3019810
33.8120200,-87.3015130
33.8116470,-87.2999580
33.8115840,-87.2997010
33.8668600,-87.4361680
33.8622660,-87.3935490
33.8620550,-87.3922520
33.8618190,-87.3909580
33.8616510,-87.3901000
33.8613860,-87.3888200
33.8611980,-87.3879660
33.8608990,-87.3866920
33.8605830,-87.3854220
33.8603600,-87.3845790
33.8600090,-87.3833210
33.8592850,-87.3808170
33.8591140,-87.3802130
33.8588150,-87.3791530
33.8585920,-87.3783060
33.8585720,-87.3782220
33.8583910,-87.3774610
33.8582060,-87.3766060
33.8580400,-87.3757500
33.8578820,-87.3748900
33.8578150,-87.3744570
33.8576930,-87.3735930
33.8576350,-87.3731580
33.8575320,-87.3722820
33.8574480,-87.3714120
33.8574120,-87.3709750
33.8573560,-87.3701000
33.8572830,-87.3687850
33.8571590,-87.3661450
33.8570980,-87.3649700
33.8570670,-87.3643860
33.8569820,-87.3626290
33.8568910,-87.3608600
33.8567850,-87.3591040
33.8567650,-87.3586640
33.8567400,-87.3582250
33.8567110,-87.3575110
33.8566400,-87.3554820
33.8565770,-87.3541480
33.8564810,-87.3523900
33.8564430,-87.3519480
33.8563880,-87.3515140
33.8563580,-87.3513370
33.8563150,-87.3510780
33.8562260,-87.3506480
33.8561220,-87.3502210
33.8559990,-87.3497990
33.8558560,-87.3493910
33.8556920,-87.3489970
33.8555130,-87.3486080
33.8551950,-87.3479950
33.8549930,-87.3476530
33.8547680,-87.3473010
33.8545350,-87.3469630
33.8540260,-87.3463270
33.8537530,-87.3460330
33.8522380,-87.3445100
33.8520530,-87.3443220
33.8514900,-87.3437610
33.8509310,-87.3431890
33.8498820,-87.3421350
33.8492600,-87.3415100
33.8492240,-87.3414740
33.8490900,-87.3413400
33.8486720,-87.3409200
33.8485760,-87.3408240
33.8482410,-87.3404910
33.8482040,-87.3404550
33.8479780,-87.3402300
33.8479480,-87.3402000
33.8475850,-87.3398350
33.8475310,-87.3397800
33.8461250,-87.3383670
33.8455740,-87.3377830
33.8447580,-87.3368950
33.8444640,-87.3365640
33.8443380,-87.3364230
33.8440600,-87.3361110
33.8439530,-87.3359910
33.8439000,-87.3359290
33.8431600,-87.3350730
33.8426080,-87.3344100
33.8424000,-87.3341600
33.8423550,-87.3341070
33.8421970,-87.3339170
33.8421200,-87.3338250
33.8421090,-87.3338120
33.8405690,-87.3319440
33.8390560,-87.3301040
33.8369530,-87.3275540
33.8364330,-87.3269290
33.8344140,-87.3244730
33.8333340,-87.3231740
33.8323010,-87.3219170
33.8317690,-87.3213060
33.8316238,-87.3211555
33.8304780,-87.3199700
33.8303780,-87.3198710
33.8300870,-87.3196040
33.8294930,-87.3190870
33.8291870,-87.3188360
33.8285690,-87.3183560
33.8282560,-87.3181260
33.8279370,-87.3179030
33.8276150,-87.3176860
33.8272910,-87.3174770
33.8269630,-87.3172760
33.8263050,-87.3168920
33.8255660,-87.3164930
33.8249670,-87.3161690
33.8242960,-87.3158150
33.8231140,-87.3151720
33.8200890,-87.3135490
33.8194133,-87.3131956
33.8177360,-87.3122940
33.8174040,-87.3121050
33.8170790,-87.3119070
33.8167600,-87.3116850
33.8164510,-87.3114490
33.8158470,-87.3109480
33.8152010,-87.3103070
33.8149400,-87.3099930
33.8146880,-87.3096780
33.8144450,-87.3093470
33.8142130,-87.3090040
33.8139910,-87.3086480
33.8138920,-87.3084670
33.8137920,-87.3082830
33.8136090,-87.3079240
33.8135980,-87.3079030
33.8134130,-87.3075230
33.8132460,-87.3071320
33.8130880,-87.3067310
33.8129480,-87.3063280
33.8128210,-87.3059140
33.8127060,-87.3054930
33.8122990,-87.3038320
33.8122910,-87.3038000
33.8121910,-87.3033790
33.8120860,-87.3029580
33.8119870,-87.3025350
33.8118110,-87.3018060
33.8115780,-87.3008450
33.8113510,-87.2999280
33.8099800,-87.2942350
33.8099300,-87.2940290
33.8096860,-87.2930180
33.8090177,-87.2902553
33.8086100,-87.2885900
33.8081770,-87.2867910
33.8079970,-87.2860400
33.8077090,-87.2848490
33.8073090,-87.2831580
33.8071180,-87.2823050
33.8070300,-87.2818780
33.8069520,-87.2814470
33.8068810,-87.2810130
33.8068150,-87.2805790
33.8067580,-87.2801430
33.8067070,-87.2797080
33.8066240,-87.2789020
33.8065860,-87.2785240
33.8065410,-87.2779630
33.8065220,-87.2775230
33.8065180,-87.2773420
33.8065020,-87.2766390
33.8064980,-87.2757540
33.8065070,-87.2753140
33.8065580,-87.2741710
33.8065610,-87.2733940
33.8065920,-87.2729560
33.8066410,-87.2720720
33.8066610,-87.2716320
33.8066650,-87.2711920
33.8066418,-87.2706236
33.8066110,-87.2698610
33.8065360,-87.2689820
33.8064840,-87.2685440
33.8064250,-87.2681090
33.8063530,-87.2676770
33.8061880,-87.2668470
33.8060494,-87.2662087
33.8059880,-87.2659740
33.8058790,-87.2655540
33.8057610,-87.2651370
33.8056310,-87.2647260
33.8054940,-87.2643180
33.8053510,-87.2639130
33.8051990,-87.2635120
33.8050400,-87.2631180
33.8046990,-87.2623360
33.8041440,-87.2611990
33.8035040,-87.2599030
33.8025410,-87.2579540
33.8024970,-87.2578650
33.7996450,-87.2520920
33.7981790,-87.2491690
33.7981290,-87.2490690
33.7973770,-87.2475460
33.7966850,-87.2461770
33.7966130,-87.2460350
33.7960240,-87.2448348
33.7964670,-87.2449450
33.8065080,-87.2668750
33.8066660,-87.2677310
33.8067330,-87.2681610
33.8067910,-87.2685930
33.8068410,-87.2690300
33.8068840,-87.2694660
33.8069160,-87.2699060
33.8069448,-87.2707538
33.8069640,-87.2712250
33.8069660,-87.2716650
33.8069620,-87.2721050
33.8068624,-87.2738552
33.8068300,-87.2748590
33.8068010,-87.2757380
33.8067940,-87.2766190
33.8068050,-87.2770580
33.8068160,-87.2773610
33.8068380,-87.2779390
33.8068620,-87.2783760
33.8068700,-87.2784750
33.8068960,-87.2788160
33.8070390,-87.2801200
33.8070970,-87.2805570
33.8071630,-87.2809930
33.8072370,-87.2814230
33.8074040,-87.2822780
33.8074960,-87.2827050
33.8075940,-87.2831290
33.8082140,-87.2857560
33.8084680,-87.2868120
33.8091559,-87.2896734
33.8092890,-87.2902320
33.8094180,-87.2907730
33.8095910,-87.2914890
33.8101540,-87.2938150
33.8102550,-87.2942300
33.8107750,-87.2963770
33.8112456,-87.2983083
33.8240570,-87.3152990
33.8257250,-87.3162100
33.8259720,-87.3163430
33.8260330,-87.3163750
33.8260590,-87.3163900
33.8263940,-87.3165690
33.8267240,-87.3167570
33.8270510,-87.3169540
33.8276990,-87.3173630
33.8280180,-87.3175790
33.8283170,-87.3177920
33.8286470,-87.3180270
33.8289560,-87.3182610
33.8292610,-87.3185010
33.8295650,-87.3187470
33.8298640,-87.3190000
33.8301600,-87.3192600
33.8306603,-87.3197627
33.8321150,-87.3212410
33.8323780,-87.3215480
33.8334180,-87.3227970
33.8345230,-87.3241400
33.8365180,-87.3265630
33.8385900,-87.3290650
33.8424360,-87.3337330
33.8424530,-87.3337540
33.8425240,-87.3338390
33.8426460,-87.3339870
33.8427750,-87.3341430
33.8429800,-87.3343900
33.8432230,-87.3346850
33.8434630,-87.3349640
33.8436780,-87.3352150
33.8437470,-87.3352950
33.8439280,-87.3355010
33.8445430,-87.3362010
33.8450820,-87.3367980
33.8458980,-87.3376770
33.8475770,-87.3393920
33.8479850,-87.3398000
33.8480120,-87.3398280
33.8480220,-87.3398380
33.8481040,-87.3399210
33.8485720,-87.3403900
33.8486570,-87.3404760
33.8489140,-87.3407330
33.8496590,-87.3414790
33.8498740,-87.3416950
33.8503990,-87.3422220
33.8509680,-87.3427740
33.8516550,-87.3434870
33.8533410,-87.3451810
33.8541790,-87.3460350
33.8546930,-87.3466550
33.8549360,-87.3469870
33.8551630,-87.3473290
33.8553800,-87.3476860
33.8555800,-87.3480550
33.8557620,-87.3484340
33.8559300,-87.3488230
33.8560930,-87.3492140
33.8562370,-87.3496230
33.8563620,-87.3500340
33.8564700,-87.3504540
33.8566780,-87.3513670
33.8566850,-87.3514210
33.8566880,-87.3514750
33.8567190,-87.3518070
33.8567520,-87.3522450
33.8568060,-87.3531260
33.8568770,-87.3544470
33.8570220,-87.3574210
33.8573970,-87.3650260
33.8576180,-87.3694470
33.8576670,-87.3703310
33.8577280,-87.3712100
33.8578060,-87.3720890
33.8579060,-87.3729600
33.8580220,-87.3738320
33.8581530,-87.3746990
33.8583050,-87.3755620
33.8584730,-87.3764200
33.8586540,-87.3772780
33.8588540,-87.3781280
33.8589050,-87.3783240
33.8590730,-87.3789750
33.8593040,-87.3798100
33.8593560,-87.3799880
33.8600300,-87.3822990
33.8605080,-87.3839550
33.8607290,-87.3847920
33.8609460,-87.3856350
33.8611570,-87.3864790
33.8613580,-87.3873240
33.8615530,-87.3881740
33.8617380,-87.3890300
33.8619170,-87.3898830
33.8622490,-87.3916050
33.8623950,-87.3924700
33.8625564,-87.3934964
33.8626720,-87.3942050
33.8629230,-87.3959500
33.8630300,-87.3968210
33.8632210,-87.3985680
33.8633030,-87.3994450
33.8633710,-87.4002380
33.8633780,-87.4003220
33.8635080,-87.4020770
33.8635660,-87.4029530
33.8636360,-87.4039260
33.8638190,-87.4064520
33.8638630,-87.4068860
33.8641380,-87.4108490
33.8642030,-87.4117280
33.8645710,-87.4170030
33.8646840,-87.4185620
33.8646910,-87.4186690
33.8647130,-87.4190160
33.8647080,-87.4194560
33.8647120,-87.4198980
33.8647070,-87.4203390
33.8646880,-87.4207800
33.8646310,-87.4216550
33.8644640,-87.4234060
33.8642860,-87.4251600
33.8642020,-87.4260380
33.8641700,-87.4264770
33.8641540,-87.4269240
33.8641550,-87.4273630
33.8641748,-87.4281582
33.8642154,-87.4285425
33.8642575,-87.4290010
33.8643229,-87.4294467
33.8643761,-87.4297852
33.8644542,-87.4302390
33.8645238,-87.4305762
33.9885442,-87.7725872
33.9905938,-87.7798656
33.9899198,-87.7773175
33.9897010,-87.7765519
33.9892559,-87.7749904
33.9889214,-87.7738746
33.9886131,-87.7728224
33.7428428,-87.2016325
33.5937479,-86.8797606
33.8569390,-87.3618000
33.8572350,-87.3617810
33.7982940,-87.2493990
33.8068330,-87.2778000
33.8065330,-87.2777730
33.8070600,-87.2820220
33.8073560,-87.2820310
33.8093490,-87.2904790
33.8092870,-87.2913690
33.8093170,-87.2914910
33.8123080,-87.3038700
33.8283170,-87.3181710
33.8390320,-87.3296030
33.8421390,-87.3338480
33.8449090,-87.3366060
33.8449020,-87.3370520
33.8481040,-87.3403560
33.8482180,-87.3404680
33.8522270,-87.3440620
34.1906024,-88.1090818
34.0949872,-88.0133437
34.0955731,-88.0141127
34.0953306,-88.0133743
34.0959088,-88.0141200
34.0717474,-87.9750406
34.0720722,-87.9761405
34.0719944,-87.9751711
34.0489827,-87.9334466
34.0492767,-87.9345048
34.0406427,-87.8874757
34.0412599,-87.8887493
34.0413562,-87.8883559
34.0407382,-87.8870883
34.0308713,-87.8669952
34.0315088,-87.8682944
34.0316525,-87.8680518
34.0310260,-87.8666276
34.0121452,-87.8340586
34.0126839,-87.8347635
34.0126419,-87.8351483
34.0023560,-87.8159864
33.9899746,-87.7765819
33.9901956,-87.7773745
33.9506107,-87.6103173
33.9508815,-87.6103829
33.9532002,-87.6221857
33.9133007,-87.5074289
33.9086734,-87.4984103
33.9088870,-87.4982751
33.9136099,-87.5074336
33.9108852,-87.5027176
33.9110826,-87.5025514
33.9121407,-87.5046103
33.8743294,-87.4421471
33.8624373,-87.3927340
33.8621477,-87.3928427
33.8548412,-87.3468575
33.8310089,-87.3205132
33.8317085,-87.3208151
33.8310831,-87.3201638
33.8187621,-87.3128531
33.8187980,-87.3125077
33.8194419,-87.3128571
33.8100667,-87.2945937
33.8097732,-87.2933792
33.8100416,-87.2933493
33.8063787,-87.2662894
33.7913052,-87.2336073
33.7403721,-87.2000962
33.7180119,-87.1749435
33.7217816,-87.1853455
33.6807580,-87.0887242
33.6777153,-87.0808486
33.6810217,-87.0883715
33.6647710,-87.0490911
33.6647027,-87.0386175
33.6650850,-87.0480329
33.6459242,-86.9803131
33.6454776,-86.9755758
33.6448017,-86.9718990
33.5937249,-86.8805980
33.5892313,-86.8646813
33.5893945,-86.8618348
33.6079220,-86.9253209
33.6082248,-86.9252147
33.6140047,-86.9333570
33.6125277,-86.9319348
33.6348684,-86.9545641
33.6323278,-86.9528324
33.6256104,-86.9470165
33.6300273,-86.9504221
33.5890734,-86.8608962
33.5889408,-86.8578246
33.5887894,-86.8543028
33.5886272,-86.8515028
33.5892494,-86.8574912
33.5881985,-86.8478295
33.5869892,-86.8397573
33.5887270,-86.8496692
33.5867963,-86.8362653
33.5876625,-86.8420383
33.5882061,-86.8459716
33.5878965,-86.8458900
33.5885684,-86.8481195
33.5889459,-86.8522612
33.5884476,-86.8498324
33.5875115,-86.8430353
33.5890818,-86.8541372
33.5791366,-86.8235216
33.5860384,-86.8342901
33.5791999,-86.8240805
33.5773679,-86.8217923
33.5862739,-86.8338625
33.5731309,-86.8165639
33.5853975,-86.8318230
33.5848729,-86.8307844
33.5770375,-86.8210047
33.5813187,-86.8262064
33.5733157,-86.8164625
33.5833226,-86.8292196
33.8068261,-87.2776211
33.8625569,-87.3953063
33.8629553,-87.3990417
33.8631514,-87.4013236
33.8635498,-87.4072875
33.8638408,-87.4269387
33.8638661,-87.4283097
33.8638851,-87.4256286
33.8639546,-87.4290257
33.8641317,-87.4234274
33.8641507,-87.4302596
33.8643025,-87.4219802
33.8643847,-87.4207158
33.8643910,-87.4195352
33.8645871,-87.4319125
33.8649982,-87.4329864
33.8655674,-87.4341899
33.8661746,-87.4351648
33.8675480,-87.4368845
33.8683418,-87.4376081
33.8694580,-87.4384916
33.8704920,-87.4392914
33.8781404,-87.4450364
33.8825089,-87.4483057
33.8842929,-87.4496791
33.8850307,-87.4502500
33.8914376,-87.4550380
33.8956355,-87.4581995
33.8966056,-87.4589481
33.8970571,-87.4593844
33.8974729,-87.4598422
33.8979423,-87.4604239
33.8983849,-87.4611240
33.8990644,-87.4623466
33.8995338,-87.4634992
33.8998512,-87.4646572
33.8999584,-87.4651904
33.9001462,-87.4666984
33.9002088,-87.4676032
33.9008346,-87.4756874
33.9011073,-87.4789728
33.9012638,-87.4801146
33.9014873,-87.4815903
33.9017242,-87.4827160
33.9021265,-87.4842725
33.9025378,-87.4856243
33.9030966,-87.4871808
33.9037268,-87.4886512
33.9049427,-87.4911825
33.9071098,-87.4953817
33.8649836,-87.4322024
33.8655037,-87.4334767
33.8663374,-87.4349671
33.8671536,-87.4360346
33.8679523,-87.4368696
33.8693653,-87.4380640
33.8703745,-87.4388145
33.8845029,-87.4494794
33.8852312,-87.4500608
33.8935666,-87.4562969
33.8961260,-87.4582254
33.8972515,-87.4592036
33.8981289,-87.4602289
33.8989272,-87.4615079
33.8996028,-87.4629982
33.8999186,-87.4639600
33.9002344,-87.4653236
33.9004367,-87.4673448
33.9009187,-87.4737583
33.9011907,-87.4772146
33.9014890,-87.4800579
33.9019101,-87.4824995
33.9026294,-87.4850468
33.9033927,-87.4872136
33.9041734,-87.4890845
33.9057613,-87.4922026
33.9141746,-87.5091526
33.9145737,-87.5092816
33.9152217,-87.5111709
33.9156293,-87.5113153
33.9164953,-87.5129681
33.9169822,-87.5143203
33.9174687,-87.5146514
33.9193018,-87.5178204
33.9194786,-87.5175839
33.9215957,-87.5207189
33.9217540,-87.5205011
33.9252161,-87.5252616
33.9267659,-87.5268992
33.9298943,-87.5308980
33.9301687,-87.5316912
33.9307664,-87.5320100
33.9312927,-87.5331008
33.9320023,-87.5341547
33.9323400,-87.5342189
33.9327019,-87.5354251
33.9329720,-87.5353919
33.9333409,-87.5368210
33.9335218,-87.5366334
33.9340085,-87.5387258
33.9340593,-87.5380911
33.9358599,-87.5437855
33.9369694,-87.5481053
33.9384508,-87.5519431
33.9396793,-87.5567353
33.9398094,-87.5562923
33.9401756,-87.5585645
33.9404982,-87.5589048
33.9405351,-87.5603730
33.9409287,-87.5624909
33.9410543,-87.5616545
33.9433808,-87.5765749
33.9438091,-87.5807752
33.9444574,-87.5831155
33.9446245,-87.5852668
33.9450808,-87.5862020
33.9458566,-87.5900116
33.9468606,-87.5926384
33.9472633,-87.5949339
33.9478631,-87.5971913
33.9484350,-87.5985659
33.9490511,-87.6025268
33.9494618,-87.6033244
33.9499463,-87.6070469
33.9516864,-87.6157159
33.9518980,-87.6155034
33.9519146,-87.6168436
33.9521158,-87.6165537
33.9529656,-87.6222968
33.9533075,-87.6238743
33.9535942,-87.6240194
33.9539680,-87.6276122
33.9543422,-87.6284763
33.9544472,-87.6312705
33.9545203,-87.6318516
33.9546577,-87.6330037
33.9547992,-87.6320658
33.9549283,-87.6331631
33.9551166,-87.6348558
33.9555441,-87.6387166
33.9558503,-87.6436757
33.9560926,-87.6432483
33.9561811,-87.6461374
33.9565121,-87.6465742
33.9567971,-87.6492043
33.9570767,-87.6490735
33.9572649,-87.6510748
33.9575204,-87.6509407
33.9581092,-87.6530704
33.9588432,-87.6556280
33.9589303,-87.6569467
33.9594885,-87.6580495
33.9597537,-87.6603507
33.9599274,-87.6599542
33.9600939,-87.6625722
33.9603596,-87.6624257
33.9603790,-87.6646627
33.9606186,-87.6675646
33.9606339,-87.6647888
33.9616582,-87.6752430
33.9617251,-87.6790620
33.9620293,-87.6789968
33.9623638,-87.6837243
33.9627310,-87.6844816
33.9629326,-87.6857361
33.9635860,-87.6892662
33.9655463,-87.6992927
33.9655943,-87.6982811
33.9656520,-87.6997585
33.9659440,-87.6998224
33.9668364,-87.7037561
33.9687882,-87.7123237
33.9694011,-87.7149202
33.9699657,-87.7170791
33.9708045,-87.7194617
33.9719336,-87.7227779
33.9724497,-87.7244700
33.9729175,-87.7267067
33.9735177,-87.7307049
33.9738417,-87.7329344
33.9745062,-87.7374624
33.9752514,-87.7423148
33.9758094,-87.7449410
33.9761917,-87.7463800
33.9768853,-87.7482861
33.9779578,-87.7507756
33.9790868,-87.7530026
33.9808771,-87.7558423
33.9832398,-87.7597030
33.9850299,-87.7626691
33.9861589,-87.7645654
33.9870216,-87.7664034
33.9874571,-87.7676774
33.5893166,-86.8672768
33.5894791,-86.8640786
33.5895923,-86.8698648
33.5896283,-86.8674326
33.5896984,-86.8685383
33.5899065,-86.8699279
33.5899921,-86.8715364
33.5902642,-86.8713447
33.5904307,-86.8727001
33.5907204,-86.8725030
33.5915711,-86.8752748
33.5915757,-86.8745512
33.5924485,-86.8766784
33.5927903,-86.8783181
33.5931502,-86.8783528
33.5945863,-86.8822249
33.5950798,-86.8850840
33.5958256,-86.8866614
33.5964133,-86.8888675
33.5971235,-86.8922553
33.5976457,-86.8930376
33.5986061,-86.8964548
33.5988471,-86.8985421
33.5991806,-86.8986241
33.6001586,-86.9020887
33.6007812,-86.9054080
33.6014831,-86.9067906
33.6023601,-86.9098392
33.6030934,-86.9135966
33.6033905,-86.9146802
33.6034258,-86.9137829
33.6037240,-86.9148938
33.6044342,-86.9184396
33.6044476,-86.9172790
33.6049037,-86.9188007
33.6050832,-86.9202298
33.6055132,-86.9204698
33.6060217,-86.9222938
33.6063771,-86.9222916
33.6068593,-86.9237207
33.6111920,-86.9293997
33.6149277,-86.9353043
33.6165547,-86.9370712
33.6173919,-86.9387899
33.6182866,-86.9395248
33.6183872,-86.9402379
33.6193475,-86.9414068
33.6194135,-86.9409675
33.6207902,-86.9423418
33.6221930,-86.9440289
33.6242539,-86.9453114
33.6259550,-86.9468225
33.6289229,-86.9498576
33.6291467,-86.9496289
33.6295279,-86.9503788
33.6296991,-86.9501239
33.6354155,-86.9554388
33.6369147,-86.9568393
33.6392863,-86.9589033
33.6409958,-86.9604145
33.6422802,-86.9619677
33.6431700,-86.9635631
33.6437223,-86.9647162
33.6441694,-86.9663800
33.6443579,-86.9674278
33.6451776,-86.9757996
33.6457255,-86.9812913
33.6459401,-86.9838405
33.6465101,-86.9881046
33.6469922,-86.9904950
33.6477242,-86.9935647
33.6486096,-86.9964975
33.6492846,-86.9984930
33.6500648,-87.0003200
33.6510466,-87.0026578
33.6516383,-87.0039847
33.6520722,-87.0048535
33.6543688,-87.0087656
33.6565076,-87.0122196
33.6578355,-87.0143626
33.6588873,-87.0160790
33.6603949,-87.0189223
33.6610479,-87.0204018
33.6622969,-87.0235189
33.6624722,-87.0240770
33.6626782,-87.0246667
33.6635503,-87.0278206
33.6641547,-87.0309235
33.6644359,-87.0327262
33.6646911,-87.0354573
33.6646984,-87.0432953
33.6647335,-87.0364820
33.6649132,-87.0528518
33.6651104,-87.0611288
33.6651498,-87.0623398
33.6651586,-87.0626452
33.6652024,-87.0647566
33.6653558,-87.0658413
33.6656494,-87.0672102
33.6660043,-87.0683581
33.6667143,-87.0698850
33.6677090,-87.0713172
33.6684671,-87.0721965
33.6699176,-87.0736233
33.6722707,-87.0758664
33.6756972,-87.0790992
33.6767795,-87.0802681
33.6777698,-87.0815529
33.6787074,-87.0831535
33.6791631,-87.0840381
33.6800350,-87.0864022
33.6826420,-87.0946687
33.6838381,-87.0985387
33.6852073,-87.1029121
33.6857304,-87.1045349
33.6874394,-87.1097853
33.6881930,-87.1121758
33.6890867,-87.1147294
33.6901732,-87.1171093
33.6929376,-87.1228169
33.6944051,-87.1258129
33.6954302,-87.1276978
33.6963852,-87.1291563
33.6976337,-87.1309307
33.6986193,-87.1321628
33.7003540,-87.1342005
33.7031925,-87.1376703
33.7066805,-87.1419600
33.7090656,-87.1449137
33.7101306,-87.1463211
33.7114665,-87.1485378
33.7120140,-87.1496646
33.7124476,-87.1507492
33.7128637,-87.1520340
33.7132710,-87.1535714
33.7143002,-87.1592474
33.7151674,-87.1646233
33.7156623,-87.1671506
33.7170901,-87.1729372
33.7171929,-87.1733197
33.7183339,-87.1775653
33.7189602,-87.1799821
33.7196215,-87.1819882
33.7200857,-87.1830465
33.7207908,-87.1844681
33.7215702,-87.1856989
33.7220345,-87.1864321
33.7234447,-87.1880117
33.7243380,-87.1888278
33.7272370,-87.1910550
33.7312657,-87.1941089
33.7327676,-87.1952514
33.7351103,-87.1970364
33.7366253,-87.1981842
33.7386832,-87.1995479
33.7441168,-87.2021384
33.7459731,-87.2027018
33.7490596,-87.2034284
33.7522424,-87.2042129
33.7565019,-87.2052449
33.7588482,-87.2058241
33.7612514,-87.2063454
33.7647007,-87.2070878
33.7674145,-87.2076775
33.7716032,-87.2084041
33.7757786,-87.2090517
33.7771441,-87.2093466
33.7782329,-87.2096195
33.7804525,-87.2104621
33.7820632,-87.2114211
33.7829997,-87.2120530
33.7845795,-87.2135746
33.7857129,-87.2148488
33.7864612,-87.2158176
33.7871308,-87.2169602
33.7878659,-87.2182765
33.7885442,-87.2197771
33.7890387,-87.2211198
33.7893888,-87.2224203
33.7896863,-87.2239472
33.7909203,-87.2313818
33.7915855,-87.2347621
33.7919093,-87.2359310
33.7926188,-87.2378292
33.7933358,-87.2393482
33.7936596,-87.2400379
33.7953641,-87.2434787
33.5972269,-86.8926323
33.5973666,-86.8920933
33.6314690,-86.9515972
33.6334466,-86.9533578
33.6364508,-86.9559412
33.6382452,-86.9576348
33.6399530,-86.9589387
33.6410938,-86.9599851
33.6422070,-86.9613803
33.6429744,-86.9625679
33.6437764,-86.9640130
33.6442396,-86.9653168
33.6445300,-86.9665293
33.6448480,-86.9687218
33.6449526,-86.9698347
33.6451453,-86.9718860
33.6465611,-86.9861551
33.6470695,-86.9896316
33.6479494,-86.9930963
33.6492106,-86.9970073
33.6515375,-87.0029854
33.6536688,-87.0069199
33.6563866,-87.0113947
33.6594563,-87.0163980
33.6617535,-87.0210490
33.6626040,-87.0233157
33.6628191,-87.0239265
33.6640410,-87.0282251
33.6644970,-87.0306951
33.6647616,-87.0326625
33.6649878,-87.0353035
33.6650478,-87.0390303
33.6651065,-87.0495654
33.6652634,-87.0555221
33.6654240,-87.0614592
33.6654689,-87.0626302
33.6655397,-87.0646704
33.6656668,-87.0657509
33.6659405,-87.0671016
33.6663315,-87.0682761
33.6668496,-87.0693096
33.6673774,-87.0702610
33.6682767,-87.0715294
33.6700654,-87.0732794
33.6757345,-87.0786350
33.6767705,-87.0796921
33.6786764,-87.0823699
33.6789207,-87.0828632
33.6790576,-87.0831215
33.6794876,-87.0840259
33.6802988,-87.0861987
33.6823512,-87.0927523
33.6854856,-87.1027719
33.6860135,-87.1044104
33.6883028,-87.1115558
33.6892410,-87.1142101
33.6901498,-87.1163242
33.6914300,-87.1189198
33.6948013,-87.1258727
33.6962573,-87.1284213
33.6974299,-87.1301478
33.6991789,-87.1323089
33.7036540,-87.1377350
33.7048754,-87.1391796
33.7068958,-87.1417312
33.7092754,-87.1446580
33.7110209,-87.1471191
33.7118122,-87.1485402
33.7126622,-87.1504664
33.7133656,-87.1524865
33.7137075,-87.1540133
33.7140983,-87.1563505
33.7149874,-87.1614478
33.7159545,-87.1670266
33.7166970,-87.1703151
33.7177423,-87.1741205
33.7193347,-87.1800399
33.7199306,-87.1818838
33.7208293,-87.1838452
33.7231738,-87.1872277
33.7243655,-87.1884257
33.7298063,-87.1925833
33.7349831,-87.1965061
33.7358484,-87.1971497
33.7367802,-87.1978098
33.7396712,-87.1996655
33.7407855,-87.2003152
33.7415755,-87.2006999
33.7443285,-87.2017777
33.7471046,-87.2025750
33.7506953,-87.2034719
33.7565231,-87.2048671
33.7588983,-87.2054152
33.7644907,-87.2066776
33.7682327,-87.2074582
33.7733137,-87.2082887
33.7754813,-87.2086209
33.7758433,-87.2087018
33.7772209,-87.2089863
33.7794187,-87.2096195
33.7805062,-87.2101013
33.7812246,-87.2104147
33.7825913,-87.2113117
33.7837923,-87.2123415
33.7851590,-87.2136370
33.7862634,-87.2150655
33.7871193,-87.2162614
33.7877819,-87.2174739
33.7888586,-87.2196331
33.7893556,-87.2210117
33.7896731,-87.2222907
33.7900320,-87.2239184
33.7903218,-87.2258452
33.7915658,-87.2333110
33.7918851,-87.2347689
33.7923856,-87.2363640
33.7930918,-87.2381082
33.7936675,-87.2393017
33.7939781,-87.2399938
33.7954688,-87.2429877
33.7979119,-87.2479374
33.7990886,-87.2502918
33.7999444,-87.2520524
33.8007070,-87.2535764
33.8017249,-87.2556651
33.8032224,-87.2586797
33.8046267,-87.2614411
33.8054313,-87.2632797
33.8062706,-87.2658988
33.9924828,-87.7865447
33.9927143,-87.7864543
33.8111683,-87.2991593
33.8114068,-87.2989719
33.8088795,-87.2896908
33.6643012,-87.0317833
33.6645845,-87.0340691
33.6646248,-87.0316151
33.6648871,-87.0340556
33.5858337,-86.8327333
33.5847710,-86.8312790
33.5856617,-86.8332590
33.5841717,-86.8303730
33.5863713,-86.8357766
33.5749156,-86.8188454
33.5839380,-86.8294358
33.5750482,-86.8185768
33.5852407,-86.8321593
33.5865371,-86.8348952
33.5934525,-86.8799126
33.5897776,-86.8692421
33.5897928,-86.8707532
33.5943053,-86.8823563
33.5894246,-86.8687538
33.5942967,-86.8812813
33.5894937,-86.8648620
33.6452641,-86.9766670
33.7784074,-87.2092965
33.7788817,-87.2098160
33.7797902,-87.2101525
33.7799781,-87.2098429
33.7916503,-87.2337380
33.7921775,-87.2357498
33.7922323,-87.2368573
33.7927077,-87.2372078
33.7929682,-87.2385895
33.7407683,-87.2006947
33.7415695,-87.2010911
33.9119450,-87.5047888
33.9732740,-87.7307572
33.9752513,-87.7436814
33.9754884,-87.7436325
33.6650418,-87.0582478
33.5701828,-86.8120316
33.5722048,-86.8150164
33.5739588,-86.8172473
33.5700216,-86.8121765
33.5720439,-86.8151452
33.5742127,-86.8180614
34.2043567,-88.1677187
34.2046277,-88.1677538
33.9638017,-87.6915085
33.9629805,-87.6875163
33.9625508,-87.6849116
33.9601558,-87.6610564
33.9599976,-87.6617642
33.9593617,-87.6585716
33.9522765,-87.6174179
33.9524424,-87.6182635
33.9489379,-87.6007327
33.9482666,-87.5988443
33.9477212,-87.5956370
33.9481093,-87.5971444
33.9475788,-87.5961109
33.9452161,-87.5876982
33.9459218,-87.5893661
33.9442371,-87.5832969
33.9441877,-87.5815700
33.9447242,-87.5845162
33.9390555,-87.5546631
33.9337394,-87.5371660
33.9075122,-87.4961847
33.9060893,-87.4933374
33.9041827,-87.4896818
33.9030890,-87.4864550
33.9022382,-87.4837801
33.9013198,-87.4786639
33.9003413,-87.4661372
33.9000751,-87.4659440
33.8966780,-87.4586563
33.8866265,-87.4514015
33.8867584,-87.4511576
33.8833875,-87.4489388
33.8747506,-87.4421033
33.8646691,-87.4312606
33.8643377,-87.4310485