33.5952810,-86.6519280
33.3849260,-86.8054390
33.3839300,-86.8076180
33.3339140,-86.9717060
33.3831700,-86.8092820
33.3832240,-86.8096930
33.4479410,-86.7241680
33.3853530,-86.8050560
33.3905656,-86.7930557
33.4434860,-86.7289010
33.4421630,-86.7303990
33.4421927,-86.7306873
33.3326470,-86.9985350
33.4380000,-86.7351000
33.5283350,-86.6573190
33.5283014,-86.6568973
33.4461960,-86.7258030
33.3939194,-86.7845413
33.4923492,-86.7058555
33.4912028,-86.7066139
33.5787500,-86.6403680
33.4876158,-86.7092292
33.4904430,-86.7074070
33.3409904,-87.0218472
33.3395430,-86.9191670
33.5265905,-86.6597887
33.5219550,-86.6682146
33.5932190,-86.6490790
33.4928120,-86.7058380
33.3925520,-86.7870230
33.4111160,-86.7600550
33.4139630,-86.7577530
33.4143220,-86.7574590
33.3840640,-86.8078580
33.3410150,-87.0211630
33.4514000,-86.7205700
33.3366950,-86.9308550
33.4860660,-86.7097650
33.4068731,-86.7638947
33.4071011,-86.7639636
33.5380324,-86.6448449
33.3365480,-87.0088180
33.5849440,-86.6438560
33.3428910,-87.0266940
33.3427820,-87.0262020
33.3426860,-87.0258250
33.3426100,-87.0255890
33.3421850,-87.0243880
33.3371480,-87.0104810
33.3366990,-87.0092320
33.3379850,-86.9243750
33.3380090,-86.9242910
33.3388340,-86.9215110
33.3399780,-86.9177140
33.3401700,-86.9170870
33.3405380,-86.9158560
33.3408450,-86.9148870
33.3410590,-86.9141300
33.3412050,-86.9135000
33.3413910,-86.9124700
33.3414820,-86.9118400
33.3415580,-86.9111910
33.3416170,-86.9105860
33.3416670,-86.9099070
33.3416810,-86.9095730
33.3416920,-86.9093140
33.3417010,-86.9082530
33.3416930,-86.9041810
33.3416810,-86.9000940
33.3416810,-86.8998760
33.3419140,-86.8870050
33.3419790,-86.8864350
33.3421250,-86.8853700
33.3421980,-86.8848820
33.3424630,-86.8833380
33.3426260,-86.8825640
33.3443360,-86.8752980
33.3446550,-86.8739660
33.3451700,-86.8717880
33.3455730,-86.8703290
33.3459930,-86.8689620
33.3461930,-86.8683720
33.3465580,-86.8673650
33.3467070,-86.8669900
33.3470990,-86.8659830
33.3475260,-86.8650020
33.3479130,-86.8641650
33.3483080,-86.8633530
33.3486330,-86.8627140
33.3489900,-86.8620530
33.3496620,-86.8608860
33.3501110,-86.8601570
33.3506450,-86.8593340
33.3511930,-86.8585350
33.3516190,-86.8579430
33.3522770,-86.8570740
33.3530150,-86.8561460
33.3537180,-86.8553480
33.3540550,-86.8549670
33.3558290,-86.8530570
33.3575010,-86.8512570
33.3594510,-86.8491480
33.3602040,-86.8483270
33.3652770,-86.8428270
33.3674410,-86.8404760
33.3682740,-86.8395020
33.3687890,-86.8388560
33.3696780,-86.8376540
33.3703170,-86.8367250
33.3706480,-86.8361830
33.3718720,-86.8341760
33.3726410,-86.8327400
33.3732440,-86.8314890
33.3747890,-86.8281160
33.3767160,-86.8239200
33.3770800,-86.8231120
33.3784590,-86.8201040
33.3788180,-86.8193190
33.3797190,-86.8173540
33.3802260,-86.8162440
33.3808310,-86.8149330
33.3817260,-86.8129570
33.3827470,-86.8107370
33.3842900,-86.8073620
33.3856930,-86.8043210
33.3859470,-86.8037390
33.3866020,-86.8023190
33.3867550,-86.8019790
33.3881880,-86.7988900
33.3889390,-86.7971740
33.3896910,-86.7953590
33.3901410,-86.7942050
33.3904410,-86.7933980
33.3913700,-86.7908510
33.3929530,-86.7866650
33.3933031,-86.7858202
33.3943430,-86.7837480
33.3954490,-86.7819220
33.3967110,-86.7799620
33.3978070,-86.7782800
33.3986150,-86.7770860
33.3987120,-86.7769440
33.4011020,-86.7731710
33.4028240,-86.7704960
33.4033740,-86.7696520
33.4058510,-86.7658200
33.4073620,-86.7636260
33.4076790,-86.7632450
33.4084020,-86.7624370
33.4092170,-86.7616240
33.4098750,-86.7610590
33.4108900,-86.7602390
33.4142360,-86.7575320
33.4163280,-86.7557690
33.4173550,-86.7548450
33.4215460,-86.7509560
33.4223160,-86.7502530
33.4247980,-86.7479560
33.4292260,-86.7438530
33.4301750,-86.7429750
33.4306920,-86.7424950
33.4311050,-86.7421130
33.4317450,-86.7415200
33.4331300,-86.7402370
33.4337850,-86.7396390
33.4353750,-86.7381360
33.4359680,-86.7375550
33.4369290,-86.7365790
33.4372780,-86.7362070
33.4402360,-86.7329320
33.4413640,-86.7316520
33.4428874,-86.7299062
33.4436210,-86.7290830
33.4463510,-86.7259760
33.4476600,-86.7244810
33.4482160,-86.7238620
33.4487740,-86.7232470
33.4493030,-86.7226840
33.4498550,-86.7221120
33.4503020,-86.7216560
33.4511610,-86.7207920
33.4511860,-86.7207650
33.4518530,-86.7201270
33.4525850,-86.7194470
33.4544266,-86.7178252
33.4549298,-86.7174098
33.4557030,-86.7167780
33.4562430,-86.7163330
33.4576360,-86.7152810
33.4583900,-86.7147250
33.4591530,-86.7141840
33.4598570,-86.7137090
33.4602960,-86.7134050
33.4617790,-86.7124550
33.4631300,-86.7116120
33.4681970,-86.7084300
33.4691710,-86.7078290
33.4707530,-86.7068440
33.4710440,-86.7066930
33.4714620,-86.7064980
33.4720800,-86.7062600
33.4726140,-86.7061010
33.4729320,-86.7060240
33.4734780,-86.7059250
33.4739370,-86.7058830
33.4743980,-86.7058600
33.4747890,-86.7058630
33.4751290,-86.7058840
33.4755550,-86.7059300
33.4758830,-86.7059910
33.4763180,-86.7060840
33.4800210,-86.7078010
33.4819830,-86.7088580
33.4824330,-86.7090960
33.4829360,-86.7093430
33.4833560,-86.7095140
33.4837840,-86.7096440
33.4842370,-86.7097510
33.4846390,-86.7098150
33.4852456,-86.7098226
33.4855700,-86.7098230
33.4856630,-86.7098130
33.4857960,-86.7097970
33.4866010,-86.7096400
33.4870150,-86.7094940
33.4872700,-86.7093960
33.4877490,-86.7091650
33.4882650,-86.7088550
33.4886240,-86.7086260
33.4889030,-86.7084380
33.4895250,-86.7080190
33.4915340,-86.7066940
33.4918740,-86.7064620
33.4938550,-86.7051430
33.4958970,-86.7037950
33.4961040,-86.7036590
33.4965390,-86.7033630
33.4968680,-86.7031390
33.4987000,-86.7019300
33.4996340,-86.7013020
33.5001430,-86.7009610
33.5005150,-86.7007020
33.5008880,-86.7004260
33.5013400,-86.7000430
33.5021270,-86.6993250
33.5028760,-86.6985460
33.5031830,-86.6982020
33.5032690,-86.6981060
33.5038220,-86.6974130
33.5046210,-86.6963160
33.5047340,-86.6961600
33.5048410,-86.6960100
33.5049490,-86.6958610
33.5071680,-86.6927660
33.5087890,-86.6905010
33.5102890,-86.6884180
33.5111720,-86.6871770
33.5120000,-86.6860310
33.5120990,-86.6858910
33.5123940,-86.6854760
33.5127090,-86.6850330
33.5133790,-86.6840470
33.5138910,-86.6832770
33.5140880,-86.6829800
33.5145330,-86.6822930
33.5153180,-86.6810360
33.5154990,-86.6807290
33.5159590,-86.6799580
33.5166060,-86.6788250
33.5170040,-86.6781110
33.5174310,-86.6773360
33.5180780,-86.6760940
33.5182620,-86.6757440
33.5186580,-86.6749910
33.5187770,-86.6747620
33.5189230,-86.6744920
33.5193080,-86.6737720
33.5195780,-86.6732580
33.5198950,-86.6726550
33.5208650,-86.6708140
33.5212130,-86.6701580
33.5215990,-86.6694190
33.5221740,-86.6683270
33.5222080,-86.6682649
33.5240300,-86.6648140
33.5241330,-86.6646190
33.5247350,-86.6635030
33.5250480,-86.6629560
33.5258600,-86.6615110
33.5259620,-86.6613430
33.5269339,-86.6596609
33.5270820,-86.6594160
33.5281120,-86.6576840
33.5288340,-86.6565000
33.5291250,-86.6559950
33.5299520,-86.6546030
33.5312300,-86.6524780
33.5322540,-86.6507670
33.5325300,-86.6503340
33.5327020,-86.6500870
33.5329470,-86.6497370
33.5333150,-86.6492400
33.5338420,-86.6486220
33.5342360,-86.6481590
33.5349280,-86.6474600
33.5356240,-86.6468210
33.5361700,-86.6463680
33.5369874,-86.6458298
33.5375385,-86.6454899
33.5381397,-86.6451173
33.5386536,-86.6447983
33.5394586,-86.6444170
33.5398848,-86.6442412
33.5402978,-86.6440873
33.5410150,-86.6438510
33.5422010,-86.6435620
33.5448867,-86.6430439
33.5458468,-86.6428542
33.5469450,-86.6426400
33.5493357,-86.6421533
33.5517188,-86.6417066
33.5555414,-86.6409713
33.5565407,-86.6407437
33.5586260,-86.6403660
33.5597010,-86.6401520
33.5602640,-86.6400440
33.5609000,-86.6399220
33.5613240,-86.6398340
33.5616060,-86.6397820
33.5618690,-86.6397330
33.5639070,-86.6393310
33.5644530,-86.6392280
33.5688480,-86.6383720
33.5688680,-86.6383690
33.5712490,-86.6381400
33.5719164,-86.6381494
33.5727600,-86.6382240
33.5742770,-86.6384820
33.5759620,-86.6389950
33.5769950,-86.6394350
33.5778100,-86.6398440
33.5802180,-86.6411920
33.5807700,-86.6415000
33.5872520,-86.6451600
33.5910550,-86.6473000
33.5917437,-86.6477623
33.5922676,-86.6481809
33.5926760,-86.6485070
33.5930690,-86.6488970
33.5936581,-86.6496272
33.5939080,-86.6500030
33.5959240,-86.6528640
33.5961810,-86.6531980
33.5964400,-86.6534600
33.5967650,-86.6537360
33.5972690,-86.6540220
33.3426800,-87.0269190
33.3426040,-87.0264450
33.3425310,-87.0261240
33.3423400,-87.0254950
33.3366630,-87.0098500
33.3365320,-87.0095040
33.3362670,-87.0087700
33.3360170,-87.0080790
33.3357850,-87.0074490
33.3350710,-87.0054630
33.3349370,-87.0050930
33.3347860,-87.0046740
33.3342060,-87.0030720
33.3340350,-87.0026150
33.3339420,-87.0023630
33.3330860,-86.9999630
33.3328760,-86.9993140
33.3327690,-86.9989880
33.3325340,-86.9981170
33.3323830,-86.9974760
33.3323070,-86.9971030
33.3321510,-86.9962470
33.3321160,-86.9959970
33.3320360,-86.9954190
33.3319560,-86.9946420
33.3319020,-86.9938620
33.3318850,-86.9934650
33.3318800,-86.9930730
33.3318800,-86.9922940
33.3318990,-86.9917600
33.3319250,-86.9912390
33.3319920,-86.9904510
33.3320850,-86.9896760
33.3323800,-86.9875810
33.3333650,-86.9806320
33.3334440,-86.9801170
33.3336300,-86.9786900
33.3337330,-86.9777830
33.3338030,-86.9769950
33.3338500,-86.9763480
33.3339240,-86.9749040
33.3339480,-86.9735980
33.3339420,-86.9725480
33.3338040,-86.9683450
33.3337230,-86.9660830
33.3336890,-86.9650790
33.3336810,-86.9640260
33.3336860,-86.9633740
33.3337080,-86.9625950
33.3337650,-86.9614060
33.3338090,-86.9607470
33.3340800,-86.9578470
33.3341300,-86.9573430
33.3341310,-86.9572940
33.3346230,-86.9522560
33.3346724,-86.9517519
33.3350490,-86.9479050
33.3351919,-86.9464797
33.3353160,-86.9451760
33.3355830,-86.9424050
33.3357310,-86.9408560
33.3358890,-86.9392160
33.3363170,-86.9348520
33.3363990,-86.9339890
33.3364410,-86.9335300
33.3369050,-86.9287540
33.3369870,-86.9281020
33.3371000,-86.9273310
33.3371820,-86.9268150
33.3373280,-86.9260780
33.3392420,-86.9193110
33.3393970,-86.9188100
33.3399480,-86.9169520
33.3402460,-86.9159720
33.3404490,-86.9152280
33.3406820,-86.9144410
33.3408010,-86.9139870
33.3409530,-86.9133560
33.3410880,-86.9127380
33.3411950,-86.9122250
33.3412570,-86.9118390
33.3413300,-86.9113300
33.3414170,-86.9104240
33.3414620,-86.9097750
33.3414680,-86.9096080
33.3414870,-86.9091180
33.3414920,-86.9082300
33.3414846,-86.9026655
33.3414700,-86.9000900
33.3414680,-86.8998790
33.3414650,-86.8962600
33.3414560,-86.8926110
33.3414640,-86.8908770
33.3415260,-86.8891380
33.3416760,-86.8871820
33.3417540,-86.8865160
33.3418800,-86.8855960
33.3419120,-86.8853620
33.3420720,-86.8843460
33.3422520,-86.8833330
33.3424840,-86.8821910
33.3438480,-86.8764460
33.3444480,-86.8739260
33.3445330,-86.8735550
33.3447860,-86.8725000
33.3450940,-86.8712520
33.3452530,-86.8706700
33.3455150,-86.8697790
33.3457400,-86.8690560
33.3461100,-86.8679660
33.3464180,-86.8671240
33.3464490,-86.8670380
33.3470250,-86.8655970
33.3473160,-86.8649350
33.3475790,-86.8643590
33.3480220,-86.8634410
33.3486530,-86.8621910
33.3491030,-86.8613510
33.3494060,-86.8608090
33.3502120,-86.8594040
33.3507850,-86.8584640
33.3517090,-86.8570190
33.3519870,-86.8566050
33.3523110,-86.8561130
33.3530670,-86.8550580
33.3540530,-86.8537410
33.3547260,-86.8529030
33.3557980,-86.8516060
33.3570250,-86.8501590
33.3581140,-86.8488790
33.3608560,-86.8456430
33.3614860,-86.8449050
33.3646420,-86.8411700
33.3654850,-86.8401830
33.3658220,-86.8397780
33.3668330,-86.8385930
33.3686650,-86.8364330
33.3693150,-86.8356680
33.3702640,-86.8345370
33.3707830,-86.8338920
33.3711280,-86.8334370
33.3713380,-86.8331690
33.3719100,-86.8323650
33.3721800,-86.8319780
33.3725740,-86.8313870
33.3729930,-86.8307230
33.3732850,-86.8302490
33.3738600,-86.8292570
33.3742570,-86.8285410
33.3746850,-86.8277260
33.3752100,-86.8266910
33.3754050,-86.8262720
33.3763200,-86.8242710
33.3786390,-86.8191950
33.3795470,-86.8172010
33.3800320,-86.8161340
33.3837950,-86.8079170
33.3854430,-86.8043200
33.3857090,-86.8037100
33.3863640,-86.8022990
33.3865160,-86.8019580
33.3879280,-86.7988550
33.3886410,-86.7972370
33.3890970,-86.7961380
33.3901750,-86.7933970
33.3907730,-86.7919000
33.3910740,-86.7910690
33.3916690,-86.7894260
33.3926870,-86.7866650
33.3931950,-86.7854360
33.3933246,-86.7851507
33.3938950,-86.7840490
33.3943760,-86.7831930
33.3961440,-86.7804090
33.3964900,-86.7798740
33.3970590,-86.7790110
33.3974950,-86.7782890
33.3983640,-86.7769130
33.3984170,-86.7768340
33.3995580,-86.7751290
33.4004180,-86.7737870
33.4008480,-86.7730950
33.4017470,-86.7717000
33.4027430,-86.7701900
33.4031070,-86.7696580
33.4046710,-86.7672360
33.4073690,-86.7632600
33.4080880,-86.7624280
33.4094390,-86.7610650
33.4096700,-86.7608480
33.4098860,-86.7606450
33.4105830,-86.7599600
33.4140460,-86.7565420
33.4147756,-86.7558492
33.4172570,-86.7536460
33.4186580,-86.7524240
33.4242420,-86.7475980
33.4247230,-86.7471670
33.4276530,-86.7446470
33.4277680,-86.7445470
33.4284970,-86.7439120
33.4285360,-86.7438790
33.4299890,-86.7426230
33.4305280,-86.7421580
33.4316090,-86.7412230
33.4318110,-86.7410490
33.4332550,-86.7397860
33.4335310,-86.7395400
33.4369640,-86.7362050
33.4374370,-86.7357080
33.4383700,-86.7346920
33.4387950,-86.7342230
33.4399510,-86.7328990
33.4414180,-86.7312540
33.4415800,-86.7310680
33.4427650,-86.7296980
33.4432880,-86.7291010
33.4447890,-86.7274110
33.4452370,-86.7269110
33.4463570,-86.7256130
33.4466860,-86.7252420
33.4475070,-86.7243020
33.4486240,-86.7230740
33.4491490,-86.7225070
33.4496470,-86.7220020
33.4501620,-86.7214660
33.4510450,-86.7205860
33.4511500,-86.7204880
33.4512450,-86.7204000
33.4513480,-86.7203010
33.4516920,-86.7199670
33.4526800,-86.7190400
33.4543108,-86.7176191
33.4548127,-86.7171992
33.4552940,-86.7168060
33.4559310,-86.7162880
33.4567470,-86.7156560
33.4575130,-86.7150740
33.4581650,-86.7145990
33.4591560,-86.7138920
33.4603490,-86.7130900
33.4616210,-86.7122740
33.4630850,-86.7113450
33.4651250,-86.7100820
33.4680960,-86.7082050
33.4701650,-86.7069280
33.4704980,-86.7067150
33.4707200,-86.7065860
33.4714230,-86.7062470
33.4719640,-86.7060430
33.4723650,-86.7059130
33.4728140,-86.7057980
33.4731550,-86.7057320
33.4734770,-86.7056760
33.4740150,-86.7056240
33.4742800,-86.7056080
33.4746590,-86.7056060
33.4751130,-86.7056310
33.4751640,-86.7056370
33.4756840,-86.7056970
33.4761910,-86.7057940
33.4764840,-86.7058710
33.4769740,-86.7060130
33.4773950,-86.7061680
33.4779150,-86.7064060
33.4792220,-86.7070980
33.4821082,-86.7086657
33.4825624,-86.7088922
33.4830200,-86.7091220
33.4833468,-86.7092430
33.4837081,-86.7093390
33.4840284,-86.7094213
33.4843079,-86.7094645
33.4845809,-86.7094958
33.4848490,-86.7095056
33.4851971,-86.7095037
33.4855339,-86.7094841
33.4859359,-86.7094507
33.4863103,-86.7093959
33.4867140,-86.7093038
33.4872861,-86.7091007
33.4876328,-86.7089074
33.4880858,-86.7086667
33.4885481,-86.7083641
33.4891076,-86.7079995
33.4897888,-86.7075510
33.4915647,-86.7063879
33.4920603,-86.7060597
33.4931277,-86.7053378
33.4950860,-86.7040288
33.4960288,-86.7033364
33.4965334,-86.7030426
33.4970235,-86.7027055
33.4973268,-86.7025266
33.4989757,-86.7014052
33.5002731,-86.7005366
33.5007111,-86.7001866
33.5008894,-86.7000180
33.5011760,-86.6997587
33.5015274,-86.6994605
33.5021113,-86.6990262
33.5026087,-86.6985206
33.5029005,-86.6982030
33.5031816,-86.6978011
33.5034303,-86.6975029
33.5035980,-86.6972890
33.5038358,-86.6969714
33.5046143,-86.6958564
33.5047981,-86.6955842
33.5055333,-86.6945794
33.5061118,-86.6937886
33.5063659,-86.6934320
33.5065335,-86.6932117
33.5070741,-86.6924467
33.5073822,-86.6920448
33.5111395,-86.6867813
33.5123072,-86.6852034
33.5124639,-86.6849765
33.5126694,-86.6846784
33.5134316,-86.6836023
33.5139453,-86.6827532
33.5141344,-86.6824615
33.5145561,-86.6818261
33.5153401,-86.6805361
33.5155887,-86.6800889
33.5160212,-86.6793758
33.5166646,-86.6782479
33.5169998,-86.6775997
33.5174107,-86.6768542
33.5180377,-86.6756290
33.5182756,-86.6752012
33.5187136,-86.6743650
33.5189298,-86.6739760
33.5192791,-86.6732729
33.5194093,-86.6730172
33.5194922,-86.6728892
33.5204631,-86.6710492
33.5211380,-86.6697988
33.5239146,-86.6644777
33.5240271,-86.6643072
33.5248855,-86.6627655
33.5259512,-86.6609397
33.5281653,-86.6571246
33.5323213,-86.6502192
33.5326470,-86.6497219
33.5328068,-86.6495159
33.5330554,-86.6491748
33.5334284,-86.6486918
33.5336889,-86.6483863
33.5344466,-86.6475693
33.5351157,-86.6468872
33.5357491,-86.6463331
33.5363211,-86.6459694
33.5369325,-86.6455360
33.5375607,-86.6451325
33.5386533,-86.6444971
33.5396422,-86.6440747
33.5401541,-86.6438816
33.5406339,-86.6437179
33.5411622,-86.6435590
33.5422468,-86.6433106
33.5454863,-86.6426768
33.5473172,-86.6423049
33.5481757,-86.6421273
33.5490631,-86.6419754
33.5501431,-86.6417616
33.5510204,-86.6415975
33.5523460,-86.6412956
33.5534506,-86.6410797
33.5541350,-86.6409584
33.5548450,-86.6408109
33.5557688,-86.6406333
33.5586657,-86.6401048
33.5592712,-86.6399919
33.3358140,-86.9399950
33.3338310,-86.9691740
33.4383610,-86.7350250
33.4454000,-86.7270580
33.4451060,-86.7270570
33.4751670,-86.7058880
33.4768610,-86.7062360
33.4774150,-86.7064450
33.4774830,-86.7064710
33.4778000,-86.7066090
33.4779980,-86.7067220
33.5009990,-86.7003310
33.5833310,-86.6429450
33.5827710,-86.6426320
33.5808380,-86.6415380
33.5793300,-86.6406850
33.5773660,-86.6396210
33.5769380,-86.6394060
33.5756040,-86.6388660
33.5751660,-86.6387230
33.5737840,-86.6383780
33.5733270,-86.6383030
33.5729530,-86.6382510
33.5705870,-86.6381630
33.5698300,-86.6382240
33.5896064,-86.6464808
33.5951910,-86.6518020
33.3416720,-86.8966310
33.3416610,-86.8925930
33.3416690,-86.8908590
33.3417310,-86.8891200
33.3420420,-86.8859130
33.3427110,-86.8821800
33.3774040,-86.8224200
33.3761220,-86.8252080
33.5064170,-86.6938120
33.5073460,-86.6925170
33.5677550,-86.6385850
33.5654510,-86.6390340
33.4289620,-86.7440980
33.4242810,-86.7484300
33.4238760,-86.7488050
33.4272140,-86.7450240
33.4254970,-86.7465020
33.4309430,-86.7417990
33.3873751,-86.8000700
33.3830824,-86.8094733
33.3845536,-86.8067873
33.3808793,-86.8148265
33.3841848,-86.8070558
33.3875502,-86.8002648
33.3799565,-86.8163000
33.4665075,-86.7091541
33.4666128,-86.7094247
33.5504418,-86.6419489
33.5520201,-86.6413445
33.5499070,-86.6420250
33.5432722,-86.6431026
33.5391497,-86.6445567
33.5436609,-86.6432795
33.5565470,-86.6404958
33.5572752,-86.6403801
33.5592444,-86.6402582
33.5573068,-86.6406244
33.4952503,-86.7042075
33.5101502,-86.6882333
33.5086473,-86.6903530
33.4537178,-86.7184565
33.3844500,-86.8070131
33.3844178,-86.8070833
33.3848268,-86.8061957
33.3846001,-86.8061499
33.3842205,-86.8069779
33.3930738,-86.7857258
33.3977943,-86.7778150
33.3898090,-86.7943277
33.3988453,-86.7767335
33.3573471,-86.8514203
33.3566935,-86.8521139
33.3531839,-86.8559543
33.3568526,-86.8503648
33.3593521,-86.8474179
33.3596301,-86.8470897
33.3562339,-86.8510919
33.3527160,-86.8555478
33.3597916,-86.8487766
33.3599586,-86.8467021
33.3608710,-86.8476061
33.3604727,-86.8480376
33.3798709,-86.8164883
33.3791914,-86.8179819
33.3792666,-86.8183407
33.3800837,-86.8165555
33.3437702,-86.8777798
33.3441187,-86.8762512
33.3439070,-86.8761982
33.3435520,-86.8776929
33.3404795,-86.9151248
33.3379655,-86.9244504
33.3389332,-86.9203358
33.3392151,-86.9194214
33.3393875,-86.9196932
33.3391213,-86.9205940
33.3404764,-86.9160621
33.3339753,-87.0024533
33.3318888,-86.9935542
33.3357456,-87.0073394
33.3355271,-87.0067317
33.3371190,-87.0104004
33.3368299,-87.0095960
33.3369680,-87.0106936
33.3359364,-87.0071263
33.4090958,-86.7617449
33.4156783,-86.7550339
33.4156062,-86.7563771
33.4124067,-86.7581600
33.4117815,-86.7587771
33.4119336,-86.7593939
33.4124871,-86.7589464
33.4336347,-86.7394421
33.4343498,-86.7387669
33.4344971,-86.7389658
33.4380846,-86.7353340
33.4375128,-86.7359619
33.4442201,-86.7280616
33.4356972,-86.7374947
33.4443557,-86.7279065
33.4091508,-86.7613558
33.5680529,-86.6385270
33.4065080,-86.7647519
33.5725043,-86.6382000
33.5790891,-86.6405555
33.5786073,-86.6402914
33.4062959,-86.7646958
33.3346374,-86.9520834
33.3357907,-86.9402551
33.3360251,-86.9378287
33.3360715,-86.9373554
33.3360815,-86.9372537
33.3374422,-86.9255839
33.3379188,-86.9246513
33.4420658,-86.7305105
33.5391453,-86.6442883
33.5416071,-86.6436995
33.5416998,-86.6434248