34.1995649,-85.9453934
34.1995198,-85.9443921
33.9732970,-86.1131740
33.9730970,-86.1131740
34.0718045,-86.0271766
34.0764305,-86.0242378
33.9448685,-86.1656470
33.9462840,-86.1618250
33.9475860,-86.1585510
33.9480950,-86.1571860
33.9504830,-86.1518920
33.9514970,-86.1498750
33.9583970,-86.1374750
33.9656810,-86.1245940
33.9666970,-86.1228740
33.9690970,-86.1192740
33.9701970,-86.1176740
33.9718970,-86.1150740
33.9742760,-86.1113160
33.9750870,-86.1100380
33.9758460,-86.1088420
33.9763970,-86.1079740
33.9784970,-86.1045740
33.9791090,-86.1037800
33.9797190,-86.1028180
33.9803670,-86.1020100
33.9811380,-86.1010630
33.9819470,-86.1000410
33.9824140,-86.0995040
33.9829921,-86.0989590
33.9834901,-86.0984180
33.9842628,-86.0976995
33.9849013,-86.0971257
33.9855168,-86.0966080
33.9890001,-86.0938176
33.9905051,-86.0925736
33.9909650,-86.0922131
33.9958858,-86.0882437
33.9982170,-86.0863361
33.9976888,-86.0870954
33.9967369,-86.0878773
34.0755140,-86.0243340
33.9912223,-86.0923622
34.1692380,-85.9705958
34.1671050,-85.9725220
34.1650088,-85.9745376
34.1633926,-85.9759133
34.1593185,-85.9788680
34.1534506,-85.9829154
34.1506682,-85.9848176
34.1450477,-85.9887042
34.1403885,-85.9918505
34.1397673,-85.9920819
34.1392567,-85.9921744
34.1390056,-85.9922361
34.1381546,-85.9922413
34.1370823,-85.9920665
34.1366057,-85.9918711
34.1355044,-85.9912420
34.1343661,-85.9899877
34.1331504,-85.9883700
34.1314099,-85.9864524
34.1293970,-85.9852494
34.1242347,-85.9824835
34.1220642,-85.9817895
34.1216216,-85.9817689
34.1208990,-85.9818890
34.1197010,-85.9822560
34.1185340,-85.9831560
34.1174901,-85.9844096
34.1162723,-85.9860362
34.1151540,-85.9874740
34.1139246,-85.9889519
34.1122536,-85.9906835
34.1084546,-85.9944111
34.1048555,-85.9982666
34.1040254,-85.9991920
34.1033400,-85.9999734
34.1019950,-86.0015720
34.1012950,-86.0023720
34.1006950,-86.0030720
34.0986590,-86.0051910
34.0970950,-86.0066720
34.0947719,-86.0085740
34.0917176,-86.0111687
34.0898274,-86.0127952
34.0827960,-86.0189720
34.0786888,-86.0226866
34.0741120,-86.0256950
34.0731428,-86.0262486
34.0697124,-86.0284375
34.1898456,-85.9530349
34.1909468,-85.9521860
34.1938410,-85.9498980
34.1944140,-85.9494330
34.1987553,-85.9460336
33.9766330,-86.1079740
33.9717970,-86.1154740
33.9693480,-86.1192950
34.0001160,-86.0850310
33.9443410,-86.1665460
33.9485970,-86.1545930
33.9689230,-86.1199500
33.9703880,-86.1176720
33.9711900,-86.1164210
33.9720360,-86.1151080
33.9729810,-86.1136590
33.9732740,-86.1132090
33.9734920,-86.1128710
33.9744900,-86.1113150
33.9752740,-86.1100930
33.9760640,-86.1088610
33.9784970,-86.1048740
33.9795970,-86.1034740
33.9829970,-86.0992740
33.9854336,-86.0970459
33.9900609,-86.0932591
33.9943456,-86.0898222
34.0557960,-86.0395720
34.0643580,-86.0325650
34.0689309,-86.0290367
34.0728960,-86.0260720
34.0733480,-86.0257700
34.0757932,-86.0241621
34.0762957,-86.0238588
34.0783090,-86.0222723
34.0789656,-86.0216841
34.0808519,-86.0199515
34.0821421,-86.0187280
34.0824444,-86.0184349
34.0829085,-86.0179877
34.0885960,-86.0127461
34.0904643,-86.0113018
34.0918241,-86.0101489
34.0943398,-86.0080862
34.0963330,-86.0063658
34.1015010,-86.0007034
34.1069498,-85.9946781
34.1122025,-85.9896553
34.1132070,-85.9887042
34.1154842,-85.9862417
34.1170165,-85.9843035
34.1180465,-85.9829565
34.1187360,-85.9822265
34.1201505,-85.9813150
34.1213662,-85.9809669
34.1218387,-85.9809258
34.1225026,-85.9809464
34.1241454,-85.9814862
34.1284480,-85.9834552
34.1302992,-85.9845297
34.1313631,-85.9854396
34.1321020,-85.9862520
34.1340930,-85.9885680
34.1356823,-85.9902157
34.1365334,-85.9908943
34.1367546,-85.9910023
34.1370240,-85.9911310
34.1376270,-85.9913159
34.1383035,-85.9914084
34.1391035,-85.9913467
34.1398779,-85.9911565
34.1403230,-85.9909950
34.1409204,-85.9907144
34.1435883,-85.9889973
34.1441457,-85.9886631
34.1454477,-85.9878508
34.1499959,-85.9848844
34.1892540,-85.9535161
34.1896132,-85.9526903
34.1973601,-85.9462342
33.6611100,-86.5794130
33.5847488,-86.7019180
33.5444840,-86.7536330
33.5680745,-86.7229901
33.5621867,-86.7345087
33.6854520,-86.5330980
33.6989490,-86.5257740
33.6922360,-86.5290410
33.5869311,-86.6931872
33.5801536,-86.7094359
33.6422580,-86.6155430
33.6619890,-86.5684460
33.5857040,-86.6779170
33.6947160,-86.5278280
33.6896670,-86.5302750
33.6890860,-86.5305840
33.6885530,-86.5308670
33.6878530,-86.5313030
33.6875870,-86.5314770
33.6863840,-86.5323270
33.6856680,-86.5329070
33.6851490,-86.5333660
33.6850810,-86.5334240
33.6848430,-86.5336280
33.6845090,-86.5339500
33.6842250,-86.5342340
33.6839980,-86.5344720
33.6834240,-86.5350740
33.6830360,-86.5355170
33.6820600,-86.5367060
33.6819910,-86.5367890
33.6812640,-86.5376750
33.6808720,-86.5381440
33.6805930,-86.5384930
33.6756650,-86.5444770
33.6748770,-86.5454520
33.6742790,-86.5461920
33.6735510,-86.5471640
33.6731830,-86.5476550
33.6721690,-86.5491060
33.6705530,-86.5516620
33.6699070,-86.5527450
33.6676270,-86.5568040
33.6638560,-86.5635190
33.6631940,-86.5649100
33.6627850,-86.5659280
33.6625830,-86.5665180
33.6622870,-86.5673830
33.6617800,-86.5693460
33.6617130,-86.5696360
33.6615750,-86.5704060
33.6614410,-86.5713140
33.6613480,-86.5721470
33.6612840,-86.5732790
33.6612360,-86.5741140
33.6612210,-86.5749250
33.6611800,-86.5770560
33.6611770,-86.5771250
33.6610420,-86.5820850
33.6609550,-86.5836140
33.6608040,-86.5849610
33.6606720,-86.5858740
33.6604940,-86.5868700
33.6602050,-86.5881600
33.6600080,-86.5889070
33.6599230,-86.5891900
33.6594990,-86.5906060
33.6588110,-86.5924020
33.6584710,-86.5931650
33.6579450,-86.5942490
33.6577110,-86.5946790
33.6506330,-86.6058390
33.6496530,-86.6071400
33.6493420,-86.6075530
33.6482940,-86.6088730
33.6475790,-86.6097380
33.6474570,-86.6098860
33.6471530,-86.6102470
33.6464120,-86.6111130
33.6461400,-86.6114100
33.6447110,-86.6129720
33.6445150,-86.6131780
33.6423870,-86.6154080
33.6397230,-86.6182050
33.6384670,-86.6195240
33.6383740,-86.6196220
33.6372050,-86.6208500
33.6368710,-86.6212010
33.6367570,-86.6213190
33.6365280,-86.6215540
33.6362610,-86.6218340
33.6350510,-86.6231120
33.6331830,-86.6251080
33.6330770,-86.6252170
33.6325820,-86.6257280
33.6309920,-86.6273700
33.6301770,-86.6282130
33.6296650,-86.6287420
33.6294760,-86.6289370
33.6290380,-86.6293900
33.6277120,-86.6306330
33.6271170,-86.6311570
33.6269500,-86.6313040
33.6266740,-86.6315470
33.6259300,-86.6321440
33.6245890,-86.6332190
33.6244920,-86.6332900
33.6232210,-86.6342150
33.6224020,-86.6347620
33.6213550,-86.6354610
33.6204780,-86.6360160
33.6186590,-86.6371660
33.6164920,-86.6385770
33.6162640,-86.6387370
33.6155930,-86.6391920
33.6143390,-86.6400420
33.6123280,-86.6414510
33.6118260,-86.6418090
33.6114740,-86.6420590
33.6100520,-86.6430980
33.6072950,-86.6451430
33.6068180,-86.6455330
33.6063880,-86.6459020
33.6060580,-86.6461970
33.6055540,-86.6466750
33.6050300,-86.6472100
33.6041440,-86.6481800
33.6036240,-86.6488270
33.6027690,-86.6499760
33.5856710,-86.6750670
33.5856190,-86.6759120
33.5856090,-86.6767280
33.5856400,-86.6772430
33.5856930,-86.6778230
33.5863329,-86.6831826
33.5866703,-86.6859953
33.5867400,-86.6865742
33.5869230,-86.6882440
33.5870050,-86.6894170
33.5870210,-86.6900720
33.5870060,-86.6916690
33.5869952,-86.6923179
33.5869369,-86.6930407
33.5859860,-86.6983450
33.5841970,-86.7031680
33.5838640,-86.7038070
33.5836670,-86.7041560
33.5831790,-86.7049970
33.5827990,-86.7055790
33.5825110,-86.7060180
33.5799940,-86.7096610
33.5796330,-86.7101820
33.5790680,-86.7109800
33.5790120,-86.7110650
33.5789700,-86.7111280
33.5778410,-86.7127460
33.5777550,-86.7128760
33.5776980,-86.7129620
33.5775740,-86.7131350
33.5770430,-86.7138960
33.5770060,-86.7139500
33.5762603,-86.7150094
33.5754090,-86.7159980
33.5750460,-86.7163160
33.5745400,-86.7166690
33.5727678,-86.7178025
33.5720360,-86.7182990
33.5713690,-86.7187300
33.5708981,-86.7190459
33.5704190,-86.7194870
33.5698410,-86.7201100
33.5695650,-86.7204830
33.5692590,-86.7208880
33.5689220,-86.7214040
33.5686890,-86.7218070
33.5660098,-86.7269862
33.5649334,-86.7290830
33.5617490,-86.7353770
33.5614500,-86.7359850
33.5611610,-86.7365550
33.5606500,-86.7375060
33.5604590,-86.7378760
33.5602720,-86.7382260
33.5600320,-86.7385910
33.5597990,-86.7389320
33.5595300,-86.7393080
33.5591240,-86.7397770
33.5586070,-86.7402970
33.5582960,-86.7405620
33.5580910,-86.7407220
33.5572050,-86.7413270
33.5568220,-86.7415290
33.5564040,-86.7417390
33.5561790,-86.7418600
33.5557520,-86.7420540
33.5553710,-86.7422280
33.5552460,-86.7422830
33.5550110,-86.7423880
33.5540770,-86.7428470
33.5536630,-86.7430640
33.5534880,-86.7431590
33.5532320,-86.7433220
33.5531200,-86.7433930
33.5528443,-86.7436032
33.5520605,-86.7443323
33.5516750,-86.7447630
33.5501857,-86.7464736
33.5494640,-86.7472960
33.5492498,-86.7475516
33.5484950,-86.7483910
33.8643179,-86.2835524
33.8606176,-86.2903899
33.8639830,-86.2836830
33.8746000,-86.2683380
33.7544390,-86.4803590
33.8609774,-86.2901703
33.8505525,-86.3102550
33.8538264,-86.3037621
33.7763660,-86.4302270
33.7781200,-86.4239190
33.7664050,-86.4674680
33.7700540,-86.4624060
33.7766200,-86.4302040
33.7782810,-86.4241710
33.7598050,-86.4741530
33.7430273,-86.4873318
33.7432191,-86.4876376
33.7702870,-86.4624090
33.9354600,-86.1914600
33.9315255,-86.1969638
33.9354680,-86.1906080
33.9314472,-86.1964402
33.7001360,-86.5252030
33.7004040,-86.5250730
33.7030450,-86.5237980
33.7056700,-86.5225190
33.7083010,-86.5212530
33.7106410,-86.5201120
33.7122480,-86.5193290
33.7128940,-86.5189850
33.7135320,-86.5186250
33.7141500,-86.5182410
33.7147590,-86.5178400
33.7153530,-86.5174220
33.7159370,-86.5169820
33.7165060,-86.5165230
33.7170590,-86.5160480
33.7174230,-86.5157180
33.7175930,-86.5155630
33.7181200,-86.5150560
33.7186310,-86.5145350
33.7189150,-86.5142310
33.7191360,-86.5139960
33.7196260,-86.5134410
33.7200930,-86.5128700
33.7205450,-86.5122890
33.7209780,-86.5117010
33.7213990,-86.5110970
33.7214600,-86.5110040
33.7218110,-86.5104680
33.7222210,-86.5098070
33.7229970,-86.5084370
33.7232510,-86.5079400
33.7240340,-86.5064130
33.7245210,-86.5054460
33.7246920,-86.5051080
33.7254191,-86.5036772
33.7259820,-86.5025780
33.7260260,-86.5024910
33.7265160,-86.5015080
33.7266840,-86.5011850
33.7268580,-86.5008630
33.7272180,-86.5002220
33.7274050,-86.4999090
33.7275990,-86.4995990
33.7277650,-86.4993430
33.7277980,-86.4992930
33.7280030,-86.4989920
33.7282150,-86.4986970
33.7286630,-86.4981130
33.7288910,-86.4978280
33.7291240,-86.4975480
33.7293670,-86.4972750
33.7296410,-86.4969840
33.7298680,-86.4967440
33.7301280,-86.4964820
33.7303930,-86.4962290
33.7306620,-86.4959850
33.7309390,-86.4957450
33.7312180,-86.4955100
33.7315010,-86.4952830
33.7317940,-86.4950610
33.7320910,-86.4948460
33.7323900,-86.4946410
33.7326960,-86.4944390
33.7331110,-86.4941720
33.7336170,-86.4938460
33.7348400,-86.4930490
33.7389810,-86.4903750
33.7409820,-86.4890830
33.7446070,-86.4867490
33.7449700,-86.4865150
33.7452710,-86.4863110
33.7457990,-86.4859800
33.7468150,-86.4853210
33.7485210,-86.4842150
33.7492700,-86.4837290
33.7541730,-86.4805490
33.7541990,-86.4805300
33.7547720,-86.4801220
33.7553610,-86.4796820
33.7557750,-86.4793640
33.7559600,-86.4792210
33.7565040,-86.4787820
33.7570600,-86.4783040
33.7576080,-86.4778140
33.7581390,-86.4773140
33.7586650,-86.4767990
33.7591230,-86.4763320
33.7591770,-86.4762770
33.7596810,-86.4757350
33.7606850,-86.4746010
33.7626180,-86.4723760
33.7635660,-86.4712640
33.7645260,-86.4701730
33.7650850,-86.4695240
33.9445286,-86.1666381
33.9444230,-86.1669380
33.9442880,-86.1673280
33.9441480,-86.1677120
33.9438770,-86.1684810
33.9433210,-86.1700310
33.9431860,-86.1704160
33.9430430,-86.1707960
33.9429110,-86.1711870
33.9425540,-86.1721920
33.9423580,-86.1727440
33.9423360,-86.1728040
33.9420770,-86.1735240
33.9420250,-86.1736720
33.9418050,-86.1743050
33.9413810,-86.1754910
33.9410000,-86.1766490
33.9408700,-86.1770290
33.9407470,-86.1774040
33.9402760,-86.1788870
33.9401650,-86.1792720
33.9400430,-86.1796420
33.9394750,-86.1815300
33.9393540,-86.1819040
33.9392420,-86.1822910
33.9388920,-86.1834360
33.9386720,-86.1841770
33.9384440,-86.1849250
33.9384220,-86.1849930
33.9382090,-86.1856540
33.9379680,-86.1863650
33.9377030,-86.1870680
33.9375640,-86.1874200
33.9374200,-86.1877660
33.9371140,-86.1884400
33.9367970,-86.1891050
33.9366410,-86.1894070
33.9364720,-86.1897330
33.9362940,-86.1900560
33.9361200,-86.1903840
33.9359320,-86.1907030
33.9357380,-86.1910220
33.9348950,-86.1922920
33.9346780,-86.1925980
33.9340850,-86.1934160
33.9339130,-86.1936410
33.9337010,-86.1939500
33.9333080,-86.1944870
33.9325320,-86.1955660
33.9320970,-86.1961520
33.9318810,-86.1964600
33.9313570,-86.1971870
33.9311330,-86.1974830
33.9310420,-86.1976160
33.9309160,-86.1977990
33.9300560,-86.1989830
33.9289350,-86.2005360
33.9275900,-86.2023890
33.9266930,-86.2036390
33.9259970,-86.2045900
33.9253140,-86.2055440
33.9250840,-86.2058590
33.9246180,-86.2064960
33.9241770,-86.2071190
33.9239460,-86.2074210
33.9234960,-86.2080420
33.9232780,-86.2083590
33.9228260,-86.2089700
33.9219050,-86.2101820
33.9213100,-86.2109310
33.9210420,-86.2112680
33.9209530,-86.2113790
33.9202230,-86.2122640
33.9194840,-86.2131330
33.9189930,-86.2136830
33.9187490,-86.2139660
33.9182570,-86.2145080
33.9175100,-86.2153120
33.9164930,-86.2163650
33.9159800,-86.2168840
33.9154520,-86.2173990
33.9149140,-86.2179110
33.9132600,-86.2194520
33.9130450,-86.2196460
33.9129850,-86.2197010
33.9127110,-86.2199610
33.9121660,-86.2204610
33.9110710,-86.2214800
33.9105100,-86.2219950
33.9096720,-86.2227810
33.9085290,-86.2238330
33.9082510,-86.2240980
33.9076750,-86.2246250
33.9065690,-86.2256780
33.9062970,-86.2259430
33.9057760,-86.2264690
33.9055090,-86.2267240
33.9049960,-86.2272650
33.9047340,-86.2275330
33.9042370,-86.2280660
33.9034900,-86.2288840
33.9030110,-86.2294170
33.9025260,-86.2299730
33.9018200,-86.2308070
33.9011180,-86.2316600
33.9004340,-86.2325150
33.9002120,-86.2328030
33.8999950,-86.2330930
33.8993260,-86.2339680
33.8988900,-86.2345570
33.8984640,-86.2351470
33.8982540,-86.2354470
33.8980360,-86.2357380
33.8978250,-86.2360450
33.8976160,-86.2363630
33.8971820,-86.2369960
33.8967450,-86.2376450
33.8963170,-86.2383030
33.8960850,-86.2386690
33.8956830,-86.2392870
33.8954780,-86.2396150
33.8948540,-86.2405860
33.8946400,-86.2409260
33.8939820,-86.2419390
33.8937740,-86.2422750
33.8935550,-86.2426090
33.8928990,-86.2436420
33.8926760,-86.2439750
33.8924570,-86.2443170
33.8922420,-86.2446650
33.8918050,-86.2453420
33.8915980,-86.2456730
33.8913850,-86.2459880
33.8911850,-86.2463140
33.8909850,-86.2466240
33.8907830,-86.2469240
33.8903930,-86.2475390
33.8897940,-86.2484620
33.8892140,-86.2493970
33.8888940,-86.2498880
33.8882970,-86.2507980
33.8874820,-86.2520770
33.8871190,-86.2526480
33.8865260,-86.2535690
33.8863320,-86.2538800
33.8861320,-86.2541770
33.8857320,-86.2548040
33.8853230,-86.2554160
33.8851270,-86.2557170
33.8849210,-86.2560210
33.8842630,-86.2569590
33.8840360,-86.2572610
33.8838170,-86.2575750
33.8835890,-86.2578730
33.8833540,-86.2581610
33.8831280,-86.2584570
33.8828980,-86.2587490
33.8826660,-86.2590350
33.8826300,-86.2590770
33.8821860,-86.2596040
33.8819530,-86.2598860
33.8817090,-86.2601620
33.8814690,-86.2604440
33.8802350,-86.2618000
33.8792420,-86.2628810
33.8789790,-86.2631520
33.8780010,-86.2642250
33.8777590,-86.2645090
33.8775240,-86.2647760
33.8772740,-86.2650590
33.8768010,-86.2656180
33.8765700,-86.2658970
33.8763370,-86.2661650
33.8761000,-86.2664500
33.8758590,-86.2667500
33.8756220,-86.2670370
33.8749500,-86.2678870
33.8743960,-86.2686070
33.8740630,-86.2690480
33.8734160,-86.2699290
33.8727810,-86.2708190
33.8726760,-86.2709690
33.8718760,-86.2721130
33.8713170,-86.2729120
33.8710650,-86.2732590
33.8708100,-86.2736160
33.8706040,-86.2739100
33.8703960,-86.2742160
33.8702270,-86.2744540
33.8700140,-86.2747430
33.8698060,-86.2750510
33.8687440,-86.2765440
33.8683270,-86.2771440
33.8674880,-86.2783370
33.8672760,-86.2786300
33.8668620,-86.2792410
33.8666550,-86.2795350
33.8662510,-86.2801510
33.8661960,-86.2802390
33.8659830,-86.2805830
33.8656600,-86.2811030
33.8654680,-86.2814260
33.8653330,-86.2816610
33.8650930,-86.2820800
33.8645480,-86.2830840
33.8643670,-86.2834250
33.8636510,-86.2848440
33.8634490,-86.2852520
33.8627990,-86.2865320
33.8621470,-86.2878110
33.8619820,-86.2881600
33.8612880,-86.2895210
33.8608190,-86.2904960
33.8603550,-86.2913890
33.8600860,-86.2919230
33.8593990,-86.2932850
33.8585140,-86.2950410
33.8575510,-86.2969430
33.8568210,-86.2984000
33.8563910,-86.2992390
33.8562760,-86.2994660
33.8557460,-86.3005170
33.8550740,-86.3018990
33.8549050,-86.3022460
33.8541750,-86.3038040
33.8540570,-86.3040600
33.8532530,-86.3058090
33.8524730,-86.3074930
33.8519170,-86.3086940
33.8515890,-86.3093710
33.8510060,-86.3104940
33.8507630,-86.3109430
33.8501380,-86.3120160
33.8501100,-86.3120630
33.8498920,-86.3124250
33.8495230,-86.3130100
33.8490170,-86.3137680
33.8486260,-86.3143380
33.8484870,-86.3145310
33.8480830,-86.3150930
33.8476630,-86.3156500
33.8472390,-86.3161900
33.8468080,-86.3167130
33.8463960,-86.3171990
33.8446010,-86.3192410
33.8440140,-86.3199020
33.8416160,-86.3226030
33.8411330,-86.3231590
33.8409110,-86.3234070
33.8406390,-86.3237120
33.8350470,-86.3300280
33.8340160,-86.3311980
33.8333500,-86.3319530
33.8309920,-86.3346100
33.8303960,-86.3352820
33.8298840,-86.3358660
33.8284710,-86.3374510
33.8283460,-86.3375910
33.8276030,-86.3384420
33.8270010,-86.3391140
33.8230870,-86.3435340
33.8223270,-86.3444050
33.8213930,-86.3454510
33.8198010,-86.3472540
33.8189810,-86.3481820
33.8179180,-86.3493750
33.8163100,-86.3511980
33.8158010,-86.3517700
33.8144260,-86.3533160
33.8137690,-86.3540620
33.8133820,-86.3545010
33.8126230,-86.3553560
33.8118740,-86.3562150
33.8113970,-86.3567750
33.8111190,-86.3571020
33.8108680,-86.3574040
33.8106250,-86.3577140
33.8099190,-86.3586440
33.8096030,-86.3590820
33.8092240,-86.3596170
33.8087800,-86.3602710
33.8085610,-86.3606010
33.8077830,-86.3618010
33.8053370,-86.3655430
33.8047030,-86.3665190
33.8033670,-86.3685620
33.8012370,-86.3718180
33.8012180,-86.3718480
33.8011660,-86.3719270
33.8010500,-86.3721040
33.8002360,-86.3733550
33.7994660,-86.3745190
33.7989980,-86.3752270
33.7977050,-86.3771290
33.7911280,-86.3864910
33.7904540,-86.3874430
33.7900060,-86.3880930
33.7895630,-86.3887570
33.7893500,-86.3890950
33.7889380,-86.3897810
33.7887350,-86.3901330
33.7883450,-86.3908530
33.7879640,-86.3915930
33.7877800,-86.3919720
33.7874250,-86.3927410
33.7872550,-86.3931290
33.7870900,-86.3935220
33.7869340,-86.3939170
33.7866360,-86.3947100
33.7863580,-86.3954910
33.7862350,-86.3958740
33.7860030,-86.3966370
33.7858210,-86.3972720
33.7855640,-86.3981650
33.7852890,-86.3991540
33.7848070,-86.4008870
33.7845780,-86.4016850
33.7824100,-86.4094160
33.7823350,-86.4096830
33.7821200,-86.4104580
33.7818120,-86.4115530
33.7814540,-86.4128240
33.7813390,-86.4132210
33.7807830,-86.4152060
33.7805660,-86.4159980
33.7803410,-86.4167830
33.7801300,-86.4175530
33.7792620,-86.4206540
33.7787580,-86.4224570
33.7784400,-86.4235820
33.7782050,-86.4244240
33.7779930,-86.4251880
33.7776620,-86.4263510
33.7771030,-86.4283480
33.7767760,-86.4295500
33.7766710,-86.4299490
33.7765880,-86.4303280
33.7764400,-86.4309020
33.7763390,-86.4312500
33.7762490,-86.4316040
33.7760790,-86.4323140
33.7759050,-86.4330210
33.7755760,-86.4344310
33.7752620,-86.4358560
33.7749620,-86.4372800
33.7747470,-86.4383610
33.7745380,-86.4394430
33.7742780,-86.4408900
33.7740930,-86.4419730
33.7734150,-86.4459370
33.7732410,-86.4469780
33.7731700,-86.4474050
33.7726470,-86.4504170
33.7723830,-86.4520240
33.7721060,-86.4536740
33.7718190,-86.4553390
33.7712690,-86.4585790
33.7710510,-86.4597960
33.7709700,-86.4601970
33.7708770,-86.4605910
33.7707740,-86.4609800
33.7706600,-86.4613600
33.7705370,-86.4617340
33.7704060,-86.4621020
33.7701060,-86.4628250
33.7699450,-86.4631800
33.7697760,-86.4635300
33.7695970,-86.4638680
33.7693950,-86.4641990
33.7692090,-86.4645280
33.7690030,-86.4648460
33.7681060,-86.4660310
33.7671590,-86.4671380
33.7669150,-86.4674070
33.7668690,-86.4674690
33.7003610,-86.5248210
33.7016760,-86.5241900
33.7029890,-86.5235480
33.7056110,-86.5222840
33.7104160,-86.5199550
33.7108860,-86.5197270
33.7121870,-86.5190840
33.7128340,-86.5187500
33.7134640,-86.5183880
33.7140840,-86.5180070
33.7146960,-86.5175990
33.7152900,-86.5171760
33.7158770,-86.5167360
33.7164470,-86.5162740
33.7170010,-86.5157910
33.7173780,-86.5154470
33.7175420,-86.5152980
33.7180650,-86.5147880
33.7185860,-86.5142580
33.7188000,-86.5140260
33.7190950,-86.5137060
33.7195870,-86.5131360
33.7200590,-86.5125530
33.7205130,-86.5119570
33.7209520,-86.5113540
33.7213830,-86.5107330
33.7217980,-86.5100890
33.7221950,-86.5094360
33.7225750,-86.5087720
33.7229380,-86.5080920
33.7230020,-86.5079680
33.7239730,-86.5060650
33.7244560,-86.5051140
33.7251930,-86.5036590
33.7257020,-86.5026550
33.7269900,-86.5001160
33.7273380,-86.4994560
33.7276040,-86.4989860
33.7277020,-86.4988130
33.7278190,-86.4986270
33.7280940,-86.4981930
33.7285040,-86.4975870
33.7289360,-86.4970020
33.7293940,-86.4964380
33.7298740,-86.4958930
33.7303730,-86.4953630
33.7309010,-86.4948520
33.7314310,-86.4943600
33.7319760,-86.4938750
33.7325350,-86.4934060
33.7331030,-86.4929480
33.7336810,-86.4925020
33.7342760,-86.4920700
33.7348870,-86.4916510
33.7355010,-86.4912480
33.7361300,-86.4908620
33.7367660,-86.4904870
33.7374150,-86.4901290
33.7380800,-86.4897860
33.7400890,-86.4887910
33.7415160,-86.4880840
33.7431610,-86.4872590
33.7433870,-86.4871410
33.7438170,-86.4869010
33.7440260,-86.4867840
33.7443330,-86.4866050
33.7446560,-86.4864160
33.7452810,-86.4860270
33.7481810,-86.4841520
33.7501040,-86.4829070
33.7503630,-86.4827390
33.7509860,-86.4823170
33.7516090,-86.4818720
33.7522250,-86.4814110
33.7528220,-86.4809430
33.7533980,-86.4804600
33.7539740,-86.4799570
33.7545510,-86.4794340
33.7558930,-86.4781080
33.7567630,-86.4772340
33.7578510,-86.4761250
33.7595540,-86.4744070
33.7600370,-86.4739200
33.7611520,-86.4727830
33.7622710,-86.4716510
33.7633520,-86.4705680
33.7650370,-86.4688640
33.7654950,-86.4684000
33.7665960,-86.4672760
33.7666420,-86.4672310
33.7666690,-86.4672030
33.7668300,-86.4670440
33.7670920,-86.4667790
33.7676160,-86.4662380
33.7678730,-86.4659580
33.7681220,-86.4656660
33.7683580,-86.4653650
33.7685840,-86.4650590
33.7688030,-86.4647500
33.7689260,-86.4645660
33.7690150,-86.4644320
33.7692180,-86.4641050
33.7694090,-86.4637690
33.7695770,-86.4634260
33.7697560,-86.4630860
33.7699730,-86.4626040
33.7701950,-86.4620440
33.7703240,-86.4616880
33.7704450,-86.4613260
33.7705550,-86.4609600
33.7706560,-86.4605920
33.7707470,-86.4602200
33.7708270,-86.4598470
33.7709000,-86.4594730
33.7711550,-86.4579880
33.7714090,-86.4564770
33.7716580,-86.4549640
33.7719170,-86.4534620
33.7730070,-86.4470460
33.7732760,-86.4454280
33.7735730,-86.4436970
33.7738170,-86.4422530
33.7738650,-86.4419660
33.7741510,-86.4403020
33.7745970,-86.4379470
33.7749270,-86.4363510
33.7751000,-86.4355320
33.7754690,-86.4339050
33.7756590,-86.4330860
33.7758520,-86.4322760
33.7760430,-86.4314940
33.7761250,-86.4311120
33.7762120,-86.4307390
33.7764460,-86.4299750
33.7764670,-86.4299100
33.7767520,-86.4288460
33.7779910,-86.4243930
33.7782180,-86.4235760
33.7786480,-86.4219500
33.7789510,-86.4207260
33.7789980,-86.4205300
33.7792890,-86.4193310
33.7793170,-86.4192130
33.7795870,-86.4180740
33.7798940,-86.4168260
33.7806470,-86.4136960
33.7809790,-86.4123710
33.7815320,-86.4102710
33.7818630,-86.4090610
33.7821220,-86.4081380
33.7829610,-86.4051450
33.7834270,-86.4034970
33.7836830,-86.4025730
33.7841210,-86.4010340
33.7848880,-86.3982880
33.7850810,-86.3975950
33.7852730,-86.3969160
33.7855140,-86.3960610
33.7857340,-86.3953120
33.7858920,-86.3948050
33.7861470,-86.3940470
33.7864110,-86.3933090
33.7865980,-86.3928270
33.7868960,-86.3921100
33.7871030,-86.3916340
33.7874270,-86.3909240
33.7876550,-86.3904600
33.7878920,-86.3900020
33.7883920,-86.3890910
33.7887760,-86.3884240
33.7890360,-86.3879930
33.7893060,-86.3875770
33.7897120,-86.3869700
33.7923500,-86.3832100
33.7949050,-86.3795730
33.7955300,-86.3786740
33.7971080,-86.3764480
33.7983380,-86.3746870
33.7990760,-86.3736390
33.7991570,-86.3735250
33.7999470,-86.3723900
33.8004080,-86.3717540
33.8006150,-86.3714570
33.8006620,-86.3713890
33.8007650,-86.3712410
33.8021360,-86.3692740
33.8039300,-86.3667160
33.8046130,-86.3657510
33.8055300,-86.3644440
33.8064550,-86.3631370
33.8073840,-86.3618090
33.8080780,-86.3608330
33.8088070,-86.3597820
33.8089400,-86.3595910
33.8091640,-86.3592610
33.8094710,-86.3588460
33.8096020,-86.3586680
33.8100550,-86.3580510
33.8101630,-86.3578980
33.8125660,-86.3544720
33.8132570,-86.3534900
33.8132850,-86.3534490
33.8138730,-86.3526180
33.8143250,-86.3520040
33.8145530,-86.3517010
33.8147000,-86.3515100
33.8147850,-86.3514000
33.8150150,-86.3511090
33.8157130,-86.3502600
33.8159490,-86.3499850
33.8164320,-86.3494440
33.8169260,-86.3489130
33.8176980,-86.3481290
33.8182320,-86.3476060
33.8193510,-86.3465390
33.8204800,-86.3454770
33.8213170,-86.3446810
33.8218840,-86.3441520
33.8227280,-86.3433480
33.8232830,-86.3428050
33.8243700,-86.3417040
33.8246380,-86.3414220
33.8254310,-86.3405520
33.8257080,-86.3402400
33.8267280,-86.3390590
33.8282760,-86.3371950
33.8286470,-86.3367490
33.8290720,-86.3362380
33.8311490,-86.3337490
33.8329520,-86.3315800
33.8334680,-86.3309720
33.8335720,-86.3308470
33.8354820,-86.3285420
33.8362520,-86.3276420
33.8370310,-86.3267490
33.8380820,-86.3255680
33.8401460,-86.3232850
33.8412660,-86.3220460
33.8417950,-86.3214530
33.8425880,-86.3205810
33.8436310,-86.3194190
33.8444190,-86.3185490
33.8452050,-86.3176660
33.8457370,-86.3170790
33.8462630,-86.3164790
33.8464360,-86.3162720
33.8467040,-86.3159520
33.8467830,-86.3158580
33.8470400,-86.3155390
33.8472230,-86.3153020
33.8475430,-86.3148880
33.8480380,-86.3142240
33.8482800,-86.3138910
33.8487440,-86.3132240
33.8489680,-86.3128880
33.8494020,-86.3122080
33.8495850,-86.3119110
33.8498230,-86.3115240
33.8500280,-86.3111800
33.8504210,-86.3104900
33.8509470,-86.3095200
33.8521830,-86.3070910
33.8527120,-86.3060290
33.8532580,-86.3049650
33.8534830,-86.3045160
33.8545320,-86.3024300
33.8549300,-86.3016460
33.8556360,-86.3002570
33.8560350,-86.2994660
33.8573290,-86.2969020
33.8591840,-86.2932390
33.8593910,-86.2928300
33.8600900,-86.2914260
33.8602960,-86.2910200
33.8610360,-86.2895620
33.8618450,-86.2879490
33.8620240,-86.2876200
33.8621910,-86.2872740
33.8625340,-86.2865940
33.8627110,-86.2862580
33.8628790,-86.2859040
33.8632440,-86.2851950
33.8634200,-86.2848380
33.8634940,-86.2846990
33.8636070,-86.2844860
33.8637850,-86.2841240
33.8640210,-86.2836190
33.8641870,-86.2832890
33.8645290,-86.2826490
33.8649080,-86.2819050
33.8651940,-86.2813420
33.8653660,-86.2810140
33.8655270,-86.2806820
33.8655810,-86.2805750
33.8658370,-86.2800640
33.8658540,-86.2800300
33.8660200,-86.2797120
33.8671840,-86.2774050
33.8675380,-86.2767380
33.8680860,-86.2757480
33.8682730,-86.2754180
33.8684660,-86.2750990
33.8686630,-86.2747600
33.8692900,-86.2737760
33.8695000,-86.2734610
33.8697210,-86.2731460
33.8699400,-86.2728130
33.8701700,-86.2724910
33.8708770,-86.2715440
33.8711080,-86.2712440
33.8711620,-86.2711770
33.8713460,-86.2709510
33.8717920,-86.2704020
33.8722540,-86.2698410
33.8724890,-86.2695660
33.8727240,-86.2692830
33.8729660,-86.2690000
33.8732010,-86.2687140
33.8734360,-86.2684200
33.8739900,-86.2677610
33.8741600,-86.2675590
33.8746360,-86.2669810
33.8763380,-86.2649430
33.8765750,-86.2646480
33.8773330,-86.2637430
33.8777650,-86.2632270
33.8779970,-86.2629410
33.8782310,-86.2626650
33.8813170,-86.2589480
33.8816370,-86.2585590
33.8820350,-86.2580750
33.8830050,-86.2569190
33.8837160,-86.2560550
33.8846970,-86.2548860
33.8851860,-86.2542900
33.8856960,-86.2536850
33.8859440,-86.2533750
33.8861980,-86.2530730
33.8869250,-86.2521590
33.8875404,-86.2513443
33.8879450,-86.2508060
33.8881430,-86.2505300
33.8882960,-86.2503180
33.8884870,-86.2500460
33.8894080,-86.2486870
33.8896280,-86.2483510
33.8898350,-86.2480210
33.8900460,-86.2476990
33.8902490,-86.2473660
33.8904450,-86.2470220
33.8906520,-86.2466820
33.8908530,-86.2463420
33.8912420,-86.2456570
33.8918110,-86.2446200
33.8927380,-86.2428870
33.8932820,-86.2418440
33.8934750,-86.2415020
33.8938440,-86.2408030
33.8940270,-86.2404470
33.8944050,-86.2397620
33.8947810,-86.2390970
33.8949690,-86.2387720
33.8952170,-86.2383600
33.8955410,-86.2378230
33.8961310,-86.2368910
33.8965310,-86.2362790
33.8969430,-86.2356730
33.8973660,-86.2350660
33.8975930,-86.2347740
33.8978160,-86.2344620
33.8985310,-86.2335290
33.8992590,-86.2326010
33.8994880,-86.2322980
33.8997300,-86.2320030
33.9002050,-86.2314000
33.9004360,-86.2310890
33.9025700,-86.2283800
33.9028140,-86.2280760
33.9032930,-86.2274970
33.9042930,-86.2263680
33.9045510,-86.2260930
33.9053300,-86.2252940
33.9058590,-86.2247870
33.9063920,-86.2242900
33.9069400,-86.2238040
33.9075020,-86.2233300
33.9080530,-86.2228500
33.9083340,-86.2226210
33.9086050,-86.2223830
33.9088820,-86.2221560
33.9091570,-86.2219090
33.9094400,-86.2216790
33.9105480,-86.2207320
33.9108280,-86.2204860
33.9116700,-86.2197790
33.9120920,-86.2194180
33.9122260,-86.2193030
33.9130420,-86.2185890
33.9135840,-86.2180910
33.9140980,-86.2175870
33.9146160,-86.2170680
33.9148730,-86.2168050
33.9151250,-86.2165390
33.9156140,-86.2160000
33.9158570,-86.2157250
33.9165660,-86.2148890
33.9167930,-86.2146070
33.9170250,-86.2143290
33.9172500,-86.2140420
33.9174690,-86.2137490
33.9176850,-86.2134460
33.9179050,-86.2131650
33.9187740,-86.2119730
33.9189840,-86.2116940
33.9194150,-86.2111050
33.9196300,-86.2108000
33.9200660,-86.2102060
33.9202250,-86.2099990
33.9202870,-86.2099180
33.9204950,-86.2096230
33.9211470,-86.2087270
33.9222260,-86.2072660
33.9233560,-86.2057870
33.9240760,-86.2048940
33.9243090,-86.2045980
33.9250340,-86.2037130
33.9251330,-86.2035950
33.9257570,-86.2028560
33.9264830,-86.2020130
33.9272250,-86.2011720
33.9277270,-86.2006120
33.9279660,-86.2003330
33.9282190,-86.2000620
33.9284670,-86.1997730
33.9292190,-86.1989220
33.9294760,-86.1986420
33.9297330,-86.1983430
33.9308240,-86.1971140
33.9312750,-86.1966060
33.9321810,-86.1955670
33.9326630,-86.1949780
33.9330851,-86.1944146
33.9333460,-86.1940610
33.9337890,-86.1934230
33.9342050,-86.1927910
33.9346180,-86.1921340
33.9350080,-86.1914580
33.9351910,-86.1911310
33.9358210,-86.1898990
33.9359990,-86.1895310
33.9361600,-86.1891970
33.9366180,-86.1881320
33.9369080,-86.1874030
33.9370470,-86.1870310
33.9377720,-86.1849940
33.9381140,-86.1840350
33.9382520,-86.1836560
33.9383850,-86.1832700
33.9385210,-86.1828970
33.9386520,-86.1825170
33.9387950,-86.1821380
33.9389340,-86.1817530
33.9390710,-86.1813560
33.9394790,-86.1802210
33.9398790,-86.1790860
33.9408480,-86.1763700
33.9415380,-86.1744200
33.9416710,-86.1740340
33.9418170,-86.1736540
33.9418340,-86.1736040
33.9422150,-86.1724990
33.9423560,-86.1721090
33.9426250,-86.1713700
33.9438070,-86.1680450
33.9441980,-86.1669300
33.6935990,-86.5283710
33.6052040,-86.6470280
33.6372640,-86.6207880
33.6378450,-86.6201770
33.6423120,-86.6154860
33.6567400,-86.5963320
33.6548400,-86.5994060
33.6546000,-86.5997840
33.6534520,-86.6015960
33.6521310,-86.6036820
33.6518820,-86.6040410
33.7547470,-86.4792450
33.7551130,-86.4788920
33.7693020,-86.4643640
33.7690530,-86.4643710
33.7683380,-86.4657490
33.7667530,-86.4676000
33.5468866,-86.7502336
33.5454649,-86.7518322
33.5450536,-86.7523901
33.5447495,-86.7529265
34.0376306,-86.0707598
34.0367060,-86.0720258
34.0357635,-86.0730343
34.0345188,-86.0741715
34.0328829,-86.0753732
34.0304822,-86.0767894
34.0294152,-86.0773473
34.0281171,-86.0776477
34.0268367,-86.0776477
34.0257341,-86.0773473
34.0229597,-86.0760813
34.0212813,-86.0753721
34.0202664,-86.0750612
34.0185508,-86.0747663
34.0168625,-86.0745985
34.0142144,-86.0746148
34.0137716,-86.0746897
34.0127687,-86.0749869
34.0118615,-86.0755234
34.0105709,-86.0766161
34.0088884,-86.0780052
34.0076993,-86.0792356
34.0064431,-86.0809999
34.0051431,-86.0824030
34.0039283,-86.0832267
34.0028610,-86.0836988
34.0013845,-86.0842781
33.9651229,-86.1260562
33.9501904,-86.1508398
33.9513651,-86.1483078
33.9535722,-86.1440163
33.9557437,-86.1396818
33.9572387,-86.1368709
33.9589117,-86.1342530
33.9623822,-86.1292748
33.9640196,-86.1269574
34.0002638,-86.0846429
34.0006661,-86.0843580
34.0012306,-86.0838764
34.0045167,-86.0804674
34.0059028,-86.0787420
34.0067306,-86.0781083
34.0074866,-86.0776145
34.0112361,-86.0756043
34.0132830,-86.0745659
34.0141037,-86.0743673
34.0161742,-86.0743445
34.0170461,-86.0744031
34.0194207,-86.0746859
34.0208034,-86.0750223
34.0217682,-86.0752873
34.0250583,-86.0767894
34.0261964,-86.0772615
34.0272990,-86.0774117
34.0283482,-86.0773473
34.0295219,-86.0768967
34.0310513,-86.0760384
34.0331674,-86.0746436
34.0347500,-86.0732703
34.0361547,-86.0718112
34.0372039,-86.0703306
34.0380574,-86.0689788
34.0395510,-86.0664468
34.0420936,-86.0623055
34.0444050,-86.0585504
34.0463430,-86.0551386
34.0485476,-86.0507612
34.0516767,-86.0444956
34.0530101,-86.0424571
34.0542545,-86.0409980
33.5858487,-86.6739224
33.5857459,-86.6744857
33.6595909,-86.5902991
33.6598807,-86.5893314
33.6998457,-86.5253334
33.7250148,-86.5044745
33.7245799,-86.5048699
34.0224436,-86.0755461
34.0218161,-86.0755730
34.0177818,-86.0746948
34.0177934,-86.0744767
34.0070825,-86.0800200
34.0096823,-86.0773905
33.5473916,-86.7496957
33.5479740,-86.7490211
33.5815022,-86.7074676
33.5498477,-86.7468725
33.5671840,-86.7247327
33.5855733,-86.6997512
33.5702257,-86.7196777
33.5819941,-86.7067570
33.5636879,-86.7315845
33.5863598,-86.6969009
33.5620924,-86.7347180
33.5868287,-86.6941225
33.5506843,-86.7459087
33.5684494,-86.7223035
33.5851747,-86.7008510
33.5861918,-86.6975795
33.5732014,-86.7175288
33.5758742,-86.7154978
33.5524583,-86.7439367
33.5632854,-86.7323011
33.5866950,-86.6950712
34.0058964,-86.0816584
33.5862785,-86.6827275
33.8878059,-86.2515687
33.9446913,-86.1655622
34.0023025,-86.0830696
34.0028570,-86.0825565
34.0032634,-86.0821716
34.0038368,-86.0814249
34.0045312,-86.0828940
34.0052458,-86.0795054
34.0097408,-86.0764023
34.0099986,-86.0771085
34.0113519,-86.0759876
34.0201483,-86.0748150
34.0208087,-86.0752167
34.0398158,-86.0674616
34.0411633,-86.0652005
34.0436006,-86.0612484
34.0460110,-86.0569659
34.0483080,-86.0524948
34.0506089,-86.0479886
34.0514832,-86.0462583
34.0521647,-86.0451170
34.0531529,-86.0436929
34.0537748,-86.0429218
34.0545457,-86.0420941
34.0549930,-86.0402330
34.0566158,-86.0401970
34.0566925,-86.0387884
34.0606663,-86.0365572
34.0635624,-86.0332720
34.0640224,-86.0335548
34.0667054,-86.0307735
34.0681364,-86.0299869
34.0705553,-86.0281464
34.0714325,-86.0274654
34.0774667,-86.0229951
34.0775731,-86.0235297
34.0875496,-86.0147282
34.0972183,-86.0055000
34.0980613,-86.0046466
34.0996322,-86.0028575
34.1053791,-85.9963387
34.1059793,-85.9969916
34.1109937,-85.9907915
34.1143265,-85.9875321
34.1180124,-85.9836660
34.1190552,-85.9826686
34.1192765,-85.9817998
34.1197191,-85.9815324
34.1203278,-85.9820054
34.1209236,-85.9810492
34.1212215,-85.9817946
34.1221408,-85.9809207
34.1224302,-85.9818358
34.1229920,-85.9819694
34.1230942,-85.9811006
34.1236262,-85.9821699
34.1236304,-85.9812703
34.1248269,-85.9818341
34.1249178,-85.9828572
34.1255966,-85.9821905
34.1260860,-85.9834963
34.1265882,-85.9826275
34.1295502,-85.9840104
34.1308907,-85.9850027
34.1309205,-85.9860977
34.1319248,-85.9868843
34.1324142,-85.9874138
34.1349334,-85.9906424
34.1349376,-85.9894908
34.1362440,-85.9906578
34.1363376,-85.9917734
34.1374355,-85.9921590
34.1387078,-85.9922413
34.1410693,-85.9914444
34.1430607,-85.9893366
34.1478303,-85.9863753
34.1517294,-85.9836389
34.1518339,-85.9840002
34.1521051,-85.9833690
34.1522423,-85.9837225
34.1535747,-85.9822673
34.1555012,-85.9808723
34.1566967,-85.9806842
34.1574277,-85.9794773
34.1593542,-85.9780822
34.1601085,-85.9775359
34.1619250,-85.9770700
34.1619975,-85.9760678
34.1623180,-85.9758186
34.1624695,-85.9766741
34.1641573,-85.9742609
34.1641583,-85.9752809
34.1659965,-85.9727031
34.1678356,-85.9711453
34.1696748,-85.9695873
34.1715139,-85.9680294
34.1717213,-85.9683251
34.1733531,-85.9664713
34.1747795,-85.9655900
34.1751922,-85.9649132
34.1770313,-85.9633550
34.1772485,-85.9634802
34.1788703,-85.9617967
34.1790838,-85.9619125
34.1799132,-85.9612561
34.1807094,-85.9602384
34.1807414,-85.9605253
34.1825484,-85.9586800
34.1825939,-85.9589905
34.1843874,-85.9571216
34.1844847,-85.9573528
34.1862264,-85.9555630
34.1866052,-85.9555995
34.1880653,-85.9540045
34.1945996,-85.9485315
34.1948780,-85.9490787
33.6611961,-86.5762183
33.7662810,-86.4681445
33.9841135,-86.0981936
34.0691321,-86.0288824
34.0151268,-86.0743152
34.0137635,-86.0744292
34.0155317,-86.0745431
34.0148514,-86.0745464